204.956  200.446
202.07  141.012
199.225  250.657
196.419  182.604
193.654  179.285
190.927  172.492
188.238  241.741
185.588  283.908
182.974  212.055
180.398  115.296
177.857  138.337
175.353  233.203
172.884  206.835
170.449  135.53
168.049  155.145
165.683  133.222
163.35  92.7615
161.05  297.989
158.782  316.638
156.546  145.362
154.342  123.949
152.168  152.166
150.025  65.9372
147.913  193.876
145.83  140.2
143.777  185.928
141.752  199.218
139.756  225.723
137.788  225.214
135.848  138.55
133.935  145.201
132.049  322.58
130.189  142.694
128.356  144.156
126.549  266.073
124.767  209.683
123.01  177.297
121.278  177.003
119.57  287.805
117.886  193.699
116.226  171.004
114.59  102.668
112.976  227.117
111.385  154.339
109.817  237.95
108.27  206.695
106.746  107.284
105.243  261.37
103.761  205.051
102.3  176.859
100.859  143.69
99.4389  187.631
98.0387  222.814
96.6581  210.101
95.2971  209.228
93.9551  168.91
92.6321  244.374
91.3277  120.753
90.0417  370.471
88.7738  150.837
87.5238  138.447
86.2913  224.717
85.0762  150.246
83.8782  111.489
82.6971  160.036
81.5326  190.282
80.3845  281.983
79.2526  152.937
78.1366  121.233
77.0364  210.253
75.9516  163.228
74.8821  158.507
73.8276  204.02
72.788  91.4862
71.7631  149.568
70.7526  238.678
69.7563  189.958
68.774  200.582
67.8056  102.954
66.8508  123.133
65.9094  161.156
64.9813  132.353
64.0663  184.03
63.1642  158.282
62.2747  162.088
61.3978  182.319
60.5333  229.717
59.6809  221.543
58.8405  164.554
58.0119  107.89
57.195  244.278
56.3896  231.766
55.5956  213.584
54.8127  108.451
54.0409  152.103
53.2799  85.2973
52.5297  212.421
51.79  158.413
51.0607  148.553
50.3417  156.47
49.6328  163.481
48.9339  140.954
48.2449  190.782
47.5655  101.113
46.8957  109.115
46.2354  147.06
45.5843  182.603
44.9424  119.471
44.3096  315.298
43.6856  199.292
43.0705  187.375
42.464  140.694
41.866  132.736
41.2765  102.801
40.6953  232.833
40.1222  149.795
39.5573  144.563
39.0002  159.707
38.4511  158.647
37.9096  107.784
37.3758  279.7
36.8495  111.9
36.3306  153.039
35.819  136.714
35.3147  191.148
34.8174  109.031
34.3271  190.29
33.8437  194.539
33.3672  203.039
32.8973  246.35
32.4341  92.0732
31.9774  131.042
31.5271  109.384
31.0831  194.182
30.6454  100.308
30.2139  174.365
29.7884  126.186
29.369  108.341
28.9554  159.194
28.5477  136.705
28.1457  111.596
27.7494  112.754
27.3586  135.628
26.9734  170.784
26.5936  117.087
26.2191  121.927
25.8499  79.3568
25.4859  107.752
25.127  94.5271
24.7732  151.669
24.4243  89.4654
24.0804  237.268
23.7413  103.358
23.407  131.716
23.0774  131.353
22.7525  148.718
22.4321  125.485
22.1162  91.7482
21.8048  66.6234
21.4977  104.433
21.195  112.737
20.8966  96.8041
20.6023  114.074
20.3122  123.646
20.0262  131.662
19.7442  146.307
19.4662  109.482
19.192  78.0193
18.9218  141.488
18.6553  105.794
18.3927  137.187
18.1337  79.4341
17.8783  134.356
17.6266  72.5819
17.3784  132.572
17.1336  144.498
16.8924  112.847
16.6545  124.473
16.42  110.501
16.1888  118.793
15.9608  134.83
15.7361  139.709
15.5145  73.4551
15.296  116.037
15.0806  116.821
14.8683  126.574
14.6589  115.041
14.4525  84.6725
14.249  93.313
14.0483  107.44
13.8505  107.797
13.6555  110.31
13.4632  107.714
13.2736  104.069
13.0867  86.2593
12.9024  74.1801
12.7207  108.508
12.5416  78.9384
12.365  86.3333
12.1909  64.0568
12.0192  87.9874
11.85  120.444
11.6831  63.6007
11.5186  71.5651
11.3564  84.1357
11.1965  70.9211
11.0388  165.917
10.8834  99.751
10.7301  76.3263
10.579  86.1939
10.4301  96.5948
10.2832  122.14
10.1384  77.3889
9.99564  89.2156
9.85489  56.7681
9.71612  74.3505
9.57931  102.901
9.44442  85.3646
9.31143  126.095
9.18031  64.2996
9.05104  86.9622
8.92359  72.6925
8.79793  80.9895
8.67404  149.597
8.5519  60.0838
8.43148  87.5422
8.31275  85.2116
8.1957  84.7607
8.08029  122.055
7.96651  63.2757
7.85433  97.1491
7.74373  77.2968
7.63469  94.1501
7.52718  63.0221
7.42119  60.9517
7.31669  81.5152
7.21366  93.1302
7.11208  128.208
7.01193  66.7961
6.9132  69.1485
6.81585  47.339
6.71987  85.58
6.62525  89.3508
6.53195  59.4039
6.43998  81.7968
6.34929  77.9048
6.25989  41.4117
6.17174  66.6498
6.08483  69.3136
5.99915  56.9672
5.91467  102.748
5.83139  63.1121
5.74927  60.5736
5.66831  82.983
5.5885  61.4039
5.5098  71.5279
5.43222  90.3069
5.35572  62.4707
5.28031  51.773
5.20596  59.0921
5.13265  82.5588
5.06037  70.8653
4.98912  62.4765
4.91886  69.0561
4.8496  63.7021
4.78131  51.8242
4.71398  71.2043
4.6476  91.0368
4.58216  63.3576
4.51764  46.8648
4.45402  66.4629
4.3913  94.5712
4.32947  53.3091
4.2685  63.6009
4.2084  59.2183
4.14914  56.5933
4.09071  70.5714
4.03311  73.6539
3.97632  62.8874
3.92032  55.9387
3.86512  46.6244
3.81069  40.7912
3.75704  60.4768
3.70413  55.8741
3.65197  76.3741
3.60055  55.4914
3.54985  61.834
3.49986  72.3017
3.45058  54.3273
3.40199  53.107
3.35408  68.6943
3.30685  61.0653
3.26029  70.8525
3.21438  65.793
3.16912  57.7887
3.12449  63.3407
3.08049  56.6429
3.03712  50.6312
2.99435  61.7421
2.95218  57.898
2.91061  54.3676
2.86963  60.8028
2.82922  50.857
2.78938  55.7346
2.7501  53.3318
2.71138  49.0493
2.6732  59.9831
2.63556  50.1425
2.59844  52.4197
2.56185  54.7356
2.52578  42.5029
2.49021  52.7691
2.45515  58.5794
2.42058  60.3828
2.38649  57.1266
2.35289  57.9481
2.31975  49.6068
2.28709  39.5463
2.25488  45.9023
2.22313  47.6069
2.19183  40.6217
2.16096  50.5278
2.13053  55.3163
2.10053  43.1472
2.07095  41.287
2.04179  44.7903
2.01304  41.0914
1.98469  43.9756
1.95675  52.0061
1.92919  44.8676
1.90203  54.65
1.87524  42.7722
1.84884  42.1706
1.8228  50.1383
1.79714  43.3382
1.77183  50.7622
1.74688  40.4827
1.72228  42.4953
1.69803  38.5361
1.67412  39.4533
1.65055  41.1139
1.6273  46.335
1.60439  44.6635
1.5818  57.3271
1.55952  35.582
1.53756  39.5953
1.51591  43.5499
1.49457  49.0682
1.47352  44.5978
1.45277  42.3755
1.43231  36.7389
1.41215  41.8932
1.39226  36.874
1.37266  41.1209
1.35333  40.1279
1.33427  39.9914
1.31548  38.4005
1.29696  39.6101
1.2787  46.0832
1.26069  43.7139
1.24294  45.0333
1.22544  38.5991
1.20818  44.4554
1.19117  37.8511
1.17439  39.5525
1.15786  46.7425
1.14155  43.1947
1.12548  47.3278
1.10963  35.9229
1.094  38.3362
1.0786  38.5591
1.06341  34.3972
1.04844  36.8881
1.03367  38.5463
1.01912  38.2606
1.00477  38.2671
0.990619  41.51
0.976669  40.4077
0.962916  37.2702
0.949357  41.8158
0.935989  34.0806
0.922809  34.4734
0.909815  37.6138
0.897003  36.6003
0.884372  40.2889
0.871919  37.3493
0.859641  37.7761
0.847536  35.8757
0.835602  34.9596
0.823835  34.9413
0.812235  35.5806
0.800797  37.1379
0.789521  39.5574
0.778404  37.6615
0.767443  36.1496
0.756636  37.0673
0.745982  37.3654
0.735477  35.9022
0.725121  35.064
0.71491  31.352
0.704843  35.0376
0.694918  37.0579
0.685132  35.2336
0.675485  33.9748
0.665973  37.4134
0.656595  38.0413
0.647349  36.5129
0.638234  34.1567
0.629247  35.7898
0.620386  36.6607
0.61165  33.4248
0.603037  34.2421
0.594546  32.5958
0.586174  34.357
0.57792  35.5396
0.569782  36.1737
0.561758  33.1376
0.553848  34.176
0.546049  34.1499
0.53836  33.0453
0.530779  33.2899
0.523305  32.6474
0.515936  33.5447
0.508671  33.423
0.501508  35.4561
0.494446  34.6011
0.487484  34.5687
0.48062  36.7631
0.473852  33.0271
0.467179  32.9282
0.460601  32.3216
0.454115  31.9971
0.44772  31.5356
0.441416  31.222
0.4352  34.4074
0.429072  33.6802
0.42303  30.795
0.417073  30.6173
0.4112  30.316
0.40541  33.4696
0.399701  30.8918
0.394073  32.3309
0.388524  31.1784
0.383053  30.4317
0.377659  30.5977
0.372341  30.4989
0.367098  29.9716
0.361929  31.2835
0.356832  32.1907
0.351808  29.7655
0.346854  30.6797
0.34197  30.4477
0.337154  29.6063
0.332407  30.602
0.327726  31.5165
0.323111  30.5327
0.318561  30.3743
0.314075  29.7982
0.309653  29.5954
0.305292  30.0739
0.300994  32.0163
0.296755  30.4367
0.292576  29.6355
0.288457  30.0174
0.284395  30.3878
0.28039  30.3553
0.276442  30.3459
0.272549  29.3628
0.268711  29.7727
0.264927  30.4887
0.261197  29.2532
0.257519  29.3591
0.253893  29.5331
0.250317  30.7202
0.246793  30.0603
0.243317  30.0035
0.239891  29.8186
0.236513  30.0253
0.233183  29.486
0.229899  30.7562
0.226662  30.2512
0.22347  29.495
0.220324  29.5023
0.217221  30.6156
0.214162  30.978
0.211147  30.6211
0.208173  29.7564
0.205242  30.2413
0.202352  30.4766
0.199503  30.7196
0.196693  30.418
0.193924  30.344
0.191193  29.1774
0.188501  29.3558
0.185846  29.7559
0.183229  28.9396
0.180649  28.9182
0.178105  28.9512
0.175597  28.9891
0.173125  29.2818
0.170687  29.1242
0.168283  29.1388
0.165914  29.4571
0.163577  29.2713
0.161274  29.1833
0.159003  29.2374
0.156764  29.0949
0.154557  29.5881
0.15238  29.5626
0.150235  29.2369
0.148119  29.5692
0.146033  29.2391
0.143977  29.2039
0.14195  29.4113
0.139951  29.6535
0.13798  29.3547
0.136037  29.7509
0.134122  29.3623
0.132233  29.601
0.130371  29.3355
0.128535  29.1042
0.126725  29.2224
0.124941  29.1578
0.123181  29.2088
0.121447  29.6491
0.119737  29.4324
0.118051  29.5287
0.116388  29.3732
0.114749  29.4184
0.113134  29.1353
0.111541  29.171
0.10997  29.4374
0.108421  29.2851
0.106895  28.9496
0.105389  29.0398
0.103905  29.0372
0.102442  29.1377
0.101  29.5481
0.0995775  29.4679
0.0981753  29.4112
0.0967929  29.5374
0.0954299  29.729
0.0940861  29.4443
0.0927613  29.2415
0.0914551  29.9556
0.0901673  29.972
0.0888976  29.15
0.0876458  29.25
0.0864116  29.1066
0.0851948  29.0089
0.0839952  29.0086
0.0828124  28.971
0.0816463  28.9474
0.0804966  29.003
0.0793631  29.1921
0.0782456  29.0605
0.0771437  29.1972
0.0760575  29.0605
0.0749865  28.8623
0.0739306  29.0364
0.0728895  29.1762
0.0718631  29.0166
0.0708512  29.0056
0.0698535  28.9976
0.0688699  29.1797
0.0679001  28.9948
0.066944  28.9938
0.0660013  29.5546
0.0650719  29.5664
0.0641556  29.794
0.0632522  29.3836
0.0623616  29.1921
0.0614834  29.0461
0.0606177  29.1624
0.0597641  29.0139
0.0589225  29.3271
0.0580928  28.9694
0.0572748  28.9956
0.0564683  28.979
0.0556731  28.9602
0.0548892  29.0039
0.0541163  28.9872
0.0533542  28.9561
0.0526029  29.1549
0.0518622  28.9793
0.0511319  29.0158
0.0504119  29.2139
0.049702  29.1374
0.0490022  29.1479
0.0483121  29.189
0.0476318  29.2232
0.0469611  29.1933
0.0462998  29.1954
0.0456479  28.9889
0.0450051  29.0346
0.0443714  28.9214
0.0437466  28.9245
0.0431306  28.8535
0.0425232  28.8581
0.0419244  28.8591
0.0413341  28.9061
0.040752  29.0292
0.0401782  28.9419
0.0396124  28.9677
0.0390546  28.9428
0.0385047  28.9156
0.0379625  28.895
0.0374279  29.0263
0.0369009  28.9373
0.0363813  28.8787
0.035869  28.9598
0.0353639  28.8946
0.0348659  28.861
0.034375  28.9153
0.0338909  28.9097
0.0334137  28.8607
0.0329432  28.8888
0.0324793  28.8198
0.0320219  28.8628
0.031571  28.8593
0.0311265  28.8809
0.0306882  28.8573
0.030256  28.8742
0.02983  28.8463
0.0294099  28.9227
0.0289958  28.9049
0.0285875  28.8566
0.028185  28.8517
0.0277881  28.9914
0.0273968  28.974
0.027011  28.9529
0.0266306  28.9433
0.0262556  28.9143
0.0258859  28.8739
0.0255214  28.8782
0.025162  28.8725
0.0248077  28.9349
0.0244584  28.9004
0.024114  28.868
0.0237744  28.8593
0.0234397  28.9201
0.0231096  28.9573
0.0227842  28.9212
0.0224633  28.9763
0.022147  28.9159
0.0218352  28.9373
0.0215277  28.8773
0.0212246  28.8433
0.0209257  28.8433
0.020631  28.8806
0.0203405  28.9392
0.0200541  28.9407
0.0197717  28.9531
0.0194933  28.8841
0.0192188  28.8399
0.0189482  28.8719
0.0186814  28.9238
0.0184183  28.9369
0.0181589  28.8638
0.0179032  28.8633
0.0176511  28.8742
0.0174026  28.871
0.0171575  28.8655
0.0169159  28.8589
0.0166777  28.8642
0.0164429  28.8781
0.0162114  28.8309
0.0159831  28.8744
0.015758  28.8553
0.0155361  28.8069
0.0153173  28.7947
0.0151017  28.8064
0.014889  28.84
0.0146793  28.8433
0.0144726  28.8102
0.0142688  28.7988
0.0140679  28.8008
0.0138698  28.8364
0.0136745  28.8688
0.013482  28.8563
0.0132921  28.8154
0.013105  28.8168
0.0129204  28.8522
0.0127385  28.8379
0.0125591  28.8227
0.0123823  28.8218
0.0122079  28.7896
0.012036  28.8174
0.0118665  28.8023
0.0116994  28.7929
0.0115347  28.8106
0.0113722  28.8451
0.0112121  28.8454
0.0110542  28.8332
0.0108986  28.8471
0.0107451  28.7985
0.0105938  28.828
0.0104446  28.8451
0.0102975  28.8094
0.0101525  28.8064
0.0100096  28.8064
0.00986863  28.8071
0.00972967  28.8258
0.00959266  28.8211
0.00945759  28.8211
0.00932441  28.8164
0.00919311  28.8164
0.00906366  28.8049
0.00893603  28.8193
0.0088102  28.8076
0.00868614  28.8087
0.00856383  28.8479
0.00844324  28.8479
0.00832434  28.8047
0.00820713  28.8216
0.00809156  28.7852
0.00797762  28.8065
0.00786528  28.8073
0.00775453  28.8135
0.00764533  28.8189
0.00753768  28.8343
0.00743154  28.8106
0.00732689  28.8107
0.00722372  28.8106
0.007122  28.8457
0.00702171  28.8666
0.00692284  28.8101
0.00682535  28.8074
0.00672924  28.8153
0.00663449  28.8465
0.00654106  28.8189
0.00644896  28.7946
0.00635815  28.7908
0.00626861  28.7912
0.00618034  28.807
0.00609332  28.7758
0.00600751  28.7736
0.00592292  28.7667
0.00583952  28.7667
0.00575729  28.7744
0.00567622  28.778
0.00559629  28.7895
0.00551749  28.8015
0.00543979  28.7666
0.00536319  28.7635
0.00528767  28.7661
0.00521321  28.7722
0.00513981  28.7715
0.00506743  28.7852
0.00499607  28.7693
0.00492572  28.7841
0.00485636  28.7806
0.00478798  28.7805
0.00472056  28.77
0.00465408  28.7709
0.00458855  28.7707
0.00452394  28.7707
0.00446023  28.7634
0.00439743  28.7659
0.0043355  28.7659
0.00427445  28.7619
0.00421426  28.7697
0.00415492  28.762
0.00409642  28.7621
0.00403873  28.762
0.00398186  28.7606
0.00392579  28.7605
0.00387051  28.7618
0.00381601  28.7667
0.00376227  28.7647
0.0037093  28.761
0.00365706  28.7444
0.00360557  28.7472
0.0035548  28.7492
0.00350474  28.7467
0.00345539  28.762
0.00340673  28.7661
0.00335876  28.7526
0.00331147  28.7525
0.00326484  28.7451
0.00321886  28.7449
0.00317354  28.759
0.00312885  28.7494
0.00308479  28.7492
0.00304135  28.7717
0.00299853  28.7542
0.0029563  28.7537
0.00291467  28.7538
0.00287363  28.7459
0.00283317  28.7459
0.00279327  28.7437
0.00275394  28.7431
0.00271516  28.7431
0.00267693  28.7431
0.00263923  28.7431
0.00260207  28.7471
0.00256543  28.7431
0.0025293  28.7431
0.00249369  28.748
0.00245857  28.7495
0.00242395  28.7493
0.00238982  28.7493
0.00235617  28.7495
0.00232299  28.7561
0.00229028  28.7592
0.00225803  28.7592
0.00222623  28.7523
0.00219488  28.7469
0.00216398  28.75
0.0021335  28.7502
0.00210346  28.7502
0.00207384  28.7502
0.00204464  28.7502
0.00201585  28.7526
0.00198746  28.7536
0.00195948  28.7526
0.00193188  28.7547
0.00190468  28.7533
0.00187786  28.7442
0.00185142  28.7444
0.00182535  28.7442
0.00179964  28.7523
0.0017743  28.7521
0.00174932  28.7511
0.00172469  28.7511
0.0017004  28.7518
0.00167646  28.7518
0.00165285  28.7473
0.00162957  28.7475
0.00160663  28.7473
0.001584  28.7475
0.0015617  28.7473
0.00153971  28.7473
0.00151803  28.75
0.00149665  28.7478
0.00147558  28.7433
0.0014548  28.7433
0.00143431  28.7431
0.00141412  28.7431
0.0013942  28.7431
0.00137457  28.7431
0.00135521  28.7478
0.00133613  28.748
0.00131732  28.748
0.00129877  28.748
0.00128048  28.7466
0.00126245  28.7466
0.00124467  28.7506
0.00122714  28.7506
0.00120986  28.7477
0.00119283  28.7482
0.00117603  28.7485
0.00115947  28.7501
0.00114314  28.7494
0.00112705  28.7466
0.00111118  28.7466
0.00109553  28.7466
0.0010801  28.7464
0.00106489  28.7464
0.0010499  28.7464
0.00103512  28.7463
0.00102054  28.7463
0.00100617  28.7462
0.000992001  28.7465
0.000978032  28.746
0.00096426  28.746
0.000950682  28.746
0.000937295  28.746
0.000924097  28.746
0.000911084  28.7472
0.000898255  28.744
0.000885606  28.744
0.000873136  28.744
0.000860841  28.744
0.000848719  28.744
0.000836768  28.744
0.000824985  28.744
0.000813368  28.744
0.000801915  28.744
0.000790623  28.744
0.00077949  28.744
0.000768513  28.7442
0.000757692  28.7434
0.000747022  28.7434
0.000736503  28.7437
0.000726132  28.7397
0.000715907  28.7397
0.000705826  28.7397
0.000695887  28.7397
0.000686088  28.7401
0.000676427  28.7386
0.000666902  28.7349
0.000657511  28.735
0.000648253  28.735
0.000639124  28.7365
0.000630125  28.7353
0.000621252  28.7353
0.000612504  28.7357
0.000603879  28.7357
0.000595375  28.7357
0.000586992  28.7357
0.000578726  28.7357
0.000570577  28.7357
0.000562542  28.7357
0.000554621  28.7345
0.000546811  28.7323
0.000539111  28.7323
0.00053152  28.7323
0.000524035  28.7323
0.000516656  28.7323
0.000509381  28.7323
0.000502208  28.7323
0.000495136  28.7323
0.000488164  28.7323
0.00048129  28.7323
0.000474513  28.7323
0.000467831  28.7323
0.000461243  28.7323
0.000454748  28.7323
0.000448345  28.7323
0.000442032  28.7323
0.000435807  28.7323
0.000429671  28.7323
0.00042362  28.7323
0.000417655  28.7323
0.000411774  28.7323
0.000405976  28.7323
0.000400259  28.7323
0.000394623  28.7323
0.000389066  28.7323
0.000383587  28.7323
0.000378186  28.7323
0.00037286  28.7323
0.00036761  28.7323
0.000362434  28.7325
0.00035733  28.7325
0.000352298  28.7325
0.000347338  28.7325
0.000342447  28.7325
0.000337624  28.7323
0.00033287  28.7323
0.000328183  28.7323
0.000323562  28.7323
0.000319006  28.7323
0.000314514  28.7323
0.000310085  28.7323
0.000305718  28.7323
0.000301413  28.7323
0.000297169  28.7323
0.000292985  28.7323
0.000288859  28.7323
0.000284791  28.7323
0.000280781  28.7323
0.000276827  28.7323
0.000272929  28.7323
0.000269086  28.7323
0.000265297  28.7323
0.000261561  28.7323
0.000257878  28.7323
0.000254247  28.7323
0.000250667  28.7323
0.000247137  28.7323
0.000243657  28.7323
0.000240226  28.7323
0.000236843  28.7323
0.000233508  28.7323
0.00023022  28.7323
0.000226978  28.7323
0.000223782  28.7323
0.000220631  28.7323
0.000217524  28.7323
0.000214461  28.7323
0.000211441  28.7325
0.000208464  28.7323
0.000205528  28.7323
0.000202634  28.7323
0.000199781  28.7323
0.000196968  28.7323
0.000194194  28.7323
0.00019146  28.7322
0.000188764  28.7323
0.000186105  28.7323
0.000183485  28.7323
0.000180901  28.7323
0.000178354  28.7323
0.000175842  28.7322
0.000173366  28.7321
0.000170925  28.7321
0.000168518  28.7321
0.000166145  28.7321
0.000163806  28.7321
0.000161499  28.7321
0.000159225  28.7321
0.000156983  28.7321
0.000154772  28.7322
0.000152593  28.7322
0.000150444  28.7321
0.000148326  28.7321
0.000146237  28.7322
0.000144178  28.7322
0.000142148  28.7319
0.000140146  28.7319
0.000138173  28.7319
0.000136227  28.7319
0.000134309  28.7319
0.000132417  28.7319
0.000130553  28.7319
0.000128714  28.7319
0.000126902  28.7319
0.000125115  28.7319
0.000123353  28.7319
0.000121616  28.7319
0.000119904  28.7319
0.000118215  28.7319
0.000116551  28.7319
0.000114909  28.7319
0.000113291  28.7319
0.000111696  28.7318
0.000110123  28.7318
0.000108573  28.7318
0.000107044  28.7318
0.000105536  28.7318
0.00010405  28.7318
0.000102585  28.7318
0.000101141  28.7318
9.97164e-05  28.7318
9.83123e-05  28.7318
9.69279e-05  28.7318
9.5563e-05  28.7318
9.42174e-05  28.7318
9.28907e-05  28.7318
9.15826e-05  28.7318
9.0293e-05  28.7318
8.90216e-05  28.7318
8.7768e-05  28.7318
8.65321e-05  28.7319
8.53136e-05  28.7319
8.41123e-05  28.7319
8.29279e-05  28.7319
8.17602e-05  28.7319
8.06089e-05  28.7319
7.94738e-05  28.7319
7.83547e-05  28.7319
7.72513e-05  28.7319
7.61635e-05  28.7319
7.5091e-05  28.7319
7.40337e-05  28.7319
7.29912e-05  28.7319
7.19633e-05  28.7319
7.095e-05  28.7319
6.99509e-05  28.7319
6.89659e-05  28.7319
6.79948e-05  28.7319
6.70373e-05  28.7319
6.60934e-05  28.7319
6.51627e-05  28.7319
6.42451e-05  28.7319
6.33404e-05  28.7319
6.24485e-05  28.7318
6.15692e-05  28.7319
6.07022e-05  28.7319
5.98474e-05  28.7319
5.90047e-05  28.7319
5.81738e-05  28.7318
5.73547e-05  28.7315
5.6547e-05  28.7315
5.57508e-05  28.7315
5.49657e-05  28.7315
5.41917e-05  28.7315
5.34286e-05  28.7315
5.26763e-05  28.7315
5.19345e-05  28.7315
5.12032e-05  28.7315
5.04822e-05  28.7315
4.97714e-05  28.7315
4.90705e-05  28.7315
4.83795e-05  28.7315
4.76983e-05  28.7315
4.70266e-05  28.7315
4.63644e-05  28.7315
4.57115e-05  28.7315
4.50679e-05  28.7315
4.44332e-05  28.7315
4.38076e-05  28.7315
4.31907e-05  28.7315
4.25825e-05  28.7315
4.19829e-05  28.7315
4.13917e-05  28.7315
4.08089e-05  28.7315
4.02342e-05  28.7315
3.96677e-05  28.7315
3.91091e-05  28.7315
3.85584e-05  28.7315
3.80154e-05  28.7315
3.74801e-05  28.7315
3.69523e-05  28.7315
3.6432e-05  28.7315
3.5919e-05  28.7315
3.54132e-05  28.7315
3.49145e-05  28.7315
3.44229e-05  28.7315
3.39382e-05  28.7315
3.34603e-05  28.7315
3.29891e-05  28.7315
3.25246e-05  28.7315
3.20666e-05  28.7315
3.16151e-05  28.7315
3.11699e-05  28.7315
3.0731e-05  28.7315
3.02982e-05  28.7315
2.98716e-05  28.7315
2.94509e-05  28.7315
2.90362e-05  28.7315
2.86274e-05  28.7315
2.82243e-05  28.7315
2.78268e-05  28.7315
2.7435e-05  28.7315
2.70487e-05  28.7315
2.66678e-05  28.7315
2.62923e-05  28.7315
2.5922e-05  28.7315
2.5557e-05  28.7315
2.51971e-05  28.7315
2.48423e-05  28.7315
2.44925e-05  28.7315
2.41476e-05  28.7315
2.38076e-05  28.7315
2.34723e-05  28.7315
2.31418e-05  28.7315
2.2816e-05  28.7315
2.24947e-05  28.7315
2.21779e-05  28.7315
2.18656e-05  28.7315
2.15577e-05  28.7315
2.12542e-05  28.7315
2.09549e-05  28.7315
2.06598e-05  28.7315
2.03689e-05  28.7315
2.00821e-05  28.7315
1.97993e-05  28.7315
1.95205e-05  28.7315
1.92456e-05  28.7315
1.89746e-05  28.7315
1.87074e-05  28.7315
1.8444e-05  28.7315
1.81843e-05  28.7315
1.79282e-05  28.7315
1.76758e-05  28.7315
1.74269e-05  28.7315
1.71815e-05  28.7315
1.69395e-05  28.7315
1.6701e-05  28.7315
1.64658e-05  28.7315
1.6234e-05  28.7315
1.60054e-05  28.7315
1.578e-05  28.7315
1.55578e-05  28.7315
1.53387e-05  28.7315
1.51227e-05  28.7315
1.49098e-05  28.7315
1.46998e-05  28.7315
1.44928e-05  28.7315
1.42888e-05  28.7315
1.40875e-05  28.7315
1.38892e-05  28.7315
1.36936e-05  28.7315
1.35008e-05  28.7315
1.33107e-05  28.7315
1.31232e-05  28.7315
1.29384e-05  28.7315
1.27562e-05  28.7315
1.25766e-05  28.7315
1.23995e-05  28.7315
1.22249e-05  28.7315
1.20528e-05  28.7315
1.18831e-05  28.7315
1.17157e-05  28.7315
1.15508e-05  28.7315
1.13881e-05  28.7315
1.12277e-05  28.7315
1.10696e-05  28.7315
1.09138e-05  28.7315
1.07601e-05  28.7315
1.06086e-05  28.7315
1.04592e-05  28.7315
1.03119e-05  28.7315
1.01667e-05  28.7315
1.00235e-05  28.7315
9.8824e-06  28.7315
9.74324e-06  28.7315
9.60604e-06  28.7315
9.47078e-06  28.7315
9.33741e-06  28.7315
9.20593e-06  28.7315
9.0763e-06  28.7315
8.94849e-06  28.7315
8.82249e-06  28.7315
8.69825e-06  28.7315
8.57577e-06  28.7315
8.45501e-06  28.7315
8.33595e-06  28.7315
8.21857e-06  28.7315
8.10284e-06  28.7315
7.98874e-06  28.7315
7.87625e-06  28.7315
7.76534e-06  28.7315
7.656e-06  28.7315
7.54819e-06  28.7315
7.4419e-06  28.7315
7.33711e-06  28.7315
7.23379e-06  28.7315
7.13193e-06  28.7315
7.0315e-06  28.7315
6.93249e-06  28.7315
6.83487e-06  28.7315
6.73863e-06  28.7315
6.64374e-06  28.7315
6.55019e-06  28.7315
6.45795e-06  28.7315
6.36701e-06  28.7315
6.27736e-06  28.7315
6.18896e-06  28.7315
6.10181e-06  28.7315
6.01589e-06  28.7315
5.93118e-06  28.7315
5.84766e-06  28.7315
5.76532e-06  28.7315
5.68414e-06  28.7315
5.60409e-06  28.7315
5.52518e-06  28.7315
5.44738e-06  28.7315
5.37067e-06  28.7315
5.29505e-06  28.7315
5.22049e-06  28.7315
5.14697e-06  28.7315
5.0745e-06  28.7315
5.00304e-06  28.7315
4.93259e-06  28.7315
4.86313e-06  28.7315
4.79466e-06  28.7315
4.72714e-06  28.7315
4.66058e-06  28.7315
4.59495e-06  28.7315
4.53024e-06  28.7315
4.46645e-06  28.7315
4.40356e-06  28.7315
4.34155e-06  28.7315
4.28042e-06  28.7315
4.22014e-06  28.7315
4.16072e-06  28.7315
4.10213e-06  28.7315
4.04436e-06  28.7315
3.98741e-06  28.7315
3.93127e-06  28.7315
3.87591e-06  28.7315
3.82133e-06  28.7315
3.76752e-06  28.7315
3.71447e-06  28.7315
3.66216e-06  28.7315
3.6106e-06  28.7315
3.55975e-06  28.7315
3.50963e-06  28.7315
3.46021e-06  28.7315
3.41148e-06  28.7315
3.36344e-06  28.7315
3.31608e-06  28.7315
3.26939e-06  28.7315
3.22335e-06  28.7315
3.17796e-06  28.7315
3.13321e-06  28.7315
3.08909e-06  28.7315
3.04559e-06  28.7315
3.00271e-06  28.7315
2.96042e-06  28.7315
2.91874e-06  28.7315
2.87764e-06  28.7315
2.83712e-06  28.7315
2.79717e-06  28.7315
2.75778e-06  28.7315
2.71894e-06  28.7315
2.68066e-06  28.7315
2.64291e-06  28.7315
2.6057e-06  28.7315
2.569e-06  28.7315
2.53283e-06  28.7315
2.49716e-06  28.7315
2.462e-06  28.7315
2.42733e-06  28.7315
2.39315e-06  28.7315
2.35945e-06  28.7315
2.32623e-06  28.7315
2.29347e-06  28.7315
2.26118e-06  28.7315
2.22934e-06  28.7315
2.19794e-06  28.7315
2.16699e-06  28.7315
2.13648e-06  28.7315
2.10639e-06  28.7315
2.07673e-06  28.7315
2.04749e-06  28.7315
2.01866e-06  28.7315
1.99023e-06  28.7315
1.96221e-06  28.7315
1.93458e-06  28.7315
1.90734e-06  28.7315
1.88048e-06  28.7315
1.854e-06  28.7315
1.82789e-06  28.7315
1.80215e-06  28.7315
1.77678e-06  28.7315
1.75176e-06  28.7315
1.72709e-06  28.7315
1.70277e-06  28.7315
1.67879e-06  28.7315
1.65515e-06  28.7315
1.63185e-06  28.7315
1.60887e-06  28.7315
1.58621e-06  28.7315
1.56388e-06  28.7315
1.54185e-06  28.7315
1.52014e-06  28.7315
1.49874e-06  28.7315
1.47763e-06  28.7315
1.45683e-06  28.7315
1.43631e-06  28.7315
1.41609e-06  28.7315
1.39615e-06  28.7315
1.37649e-06  28.7315
1.3571e-06  28.7315
1.33799e-06  28.7315
1.31915e-06  28.7315
1.30058e-06  28.7315
1.28226e-06  28.7315
1.26421e-06  28.7315
1.24641e-06  28.7315
1.22886e-06  28.7315
1.21155e-06  28.7315
1.19449e-06  28.7315
1.17767e-06  28.7315
1.16109e-06  28.7314
1.14474e-06  28.7314
1.12862e-06  28.7314
1.11273e-06  28.7314
1.09706e-06  28.7314
1.08161e-06  28.7314
1.06638e-06  28.7314
1.05136e-06  28.7314
1.03656e-06  28.7314
1.02196e-06  28.7314
1.00757e-06  28.7314
9.93384e-07  28.7314
9.79395e-07  28.7314
9.65604e-07  28.7314
9.52007e-07  28.7314
9.38602e-07  28.7314
9.25385e-07  28.7314
9.12354e-07  28.7314
8.99507e-07  28.7314
8.86841e-07  28.7314
8.74353e-07  28.7314
8.62041e-07  28.7314
8.49902e-07  28.7314
8.37934e-07  28.7314
8.26135e-07  28.7314
8.14502e-07  28.7314
8.03033e-07  28.7314
7.91725e-07  28.7314
7.80576e-07  28.7314
7.69585e-07  28.7314
7.58748e-07  28.7314
7.48064e-07  28.7314
7.3753e-07  28.7314
7.27144e-07  28.7314
7.16905e-07  28.7314
7.0681e-07  28.7314
6.96857e-07  28.7314
6.87045e-07  28.7314
6.7737e-07  28.7314
6.67832e-07  28.7314
6.58428e-07  28.7314
6.49156e-07  28.7314
6.40015e-07  28.7314
6.31003e-07  28.7314
6.22118e-07  28.7314
6.13357e-07  28.7314
6.04721e-07  28.7314
5.96205e-07  28.7314
5.8781e-07  28.7314
5.79533e-07  28.7314
5.71372e-07  28.7314
5.63326e-07  28.7314
5.55394e-07  28.7314
5.47573e-07  28.7314
5.39863e-07  28.7314
5.32261e-07  28.7314
5.24766e-07  28.7314
5.17376e-07  28.7314
5.10091e-07  28.7314
5.02908e-07  28.7314
4.95827e-07  28.7314
4.88845e-07  28.7314
4.81961e-07  28.7314
4.75174e-07  28.7314
4.68483e-07  28.7314
4.61886e-07  28.7314
4.55382e-07  28.7314
4.4897e-07  28.7314
4.42648e-07  28.7314
4.36415e-07  28.7314
4.3027e-07  28.7314
4.24211e-07  28.7314
4.18237e-07  28.7314
4.12348e-07  28.7314
4.06542e-07  28.7314
4.00817e-07  28.7314
3.95173e-07  28.7314
3.89608e-07  28.7314
3.84122e-07  28.7314
3.78713e-07  28.7314
3.7338e-07  28.7314
3.68123e-07  28.7314
3.62939e-07  28.7314
3.57828e-07  28.7314
3.5279e-07  28.7314
3.47822e-07  28.7314
3.42924e-07  28.7314
3.38095e-07  28.7307
3.33334e-07  28.7307
3.28641e-07  28.7307
3.24013e-07  28.7307
3.1945e-07  28.7307
3.14952e-07  28.7307
3.10517e-07  28.7307
3.06145e-07  28.7307
3.01834e-07  28.7307
2.97583e-07  28.7307
2.93393e-07  28.7307
2.89262e-07  28.7307
2.85188e-07  28.7307
2.81173e-07  28.7307
2.77213e-07  28.7307
2.7331e-07  28.7307
2.69461e-07  28.7307
2.65667e-07  28.7307
2.61926e-07  28.7307
2.58238e-07  28.7307
2.54601e-07  28.7307
2.51016e-07  28.7307
2.47481e-07  28.7307
2.43997e-07  28.7307
2.40561e-07  28.7307
2.37173e-07  28.7307
2.33834e-07  28.7307
2.30541e-07  28.7307
2.27295e-07  28.7307
2.24094e-07  28.7307
2.20938e-07  28.7307
2.17827e-07  28.7307
2.1476e-07  28.7307
2.11736e-07  28.7307
2.08754e-07  28.7307
2.05815e-07  28.7307
2.02917e-07  28.7307
2.00059e-07  28.7307
1.97242e-07  28.7307
1.94465e-07  28.7307
1.91726e-07  28.7307
1.89027e-07  28.7307
1.86365e-07  28.7307
1.83741e-07  28.7307
1.81153e-07  28.7307
1.78602e-07  28.7307
1.76087e-07  28.7307
1.73608e-07  28.7307
1.71163e-07  28.7307
1.68753e-07  28.7307
1.66377e-07  28.7307
1.64034e-07  28.7307
1.61724e-07  28.7307
1.59447e-07  28.7307
1.57202e-07  28.7307
1.54988e-07  28.7307
1.52806e-07  28.7307
1.50654e-07  28.7307
1.48532e-07  28.7307
1.46441e-07  28.7307
1.44379e-07  28.7307
1.42346e-07  28.7307
1.40341e-07  28.7307
1.38365e-07  28.7307
1.36417e-07  28.7307
1.34496e-07  28.7307
1.32602e-07  28.7307
1.30735e-07  28.7307
1.28894e-07  28.7307
1.27079e-07  28.7307
1.25289e-07  28.7307
1.23525e-07  28.7307
1.21786e-07  28.7307
1.20071e-07  28.7307
1.1838e-07  28.7307
1.16713e-07  28.7307
1.1507e-07  28.7307
1.13449e-07  28.7307
1.11852e-07  28.7307
1.10277e-07  28.7307
1.08724e-07  28.7307
1.07193e-07  28.7307
1.05684e-07  28.7307
1.04195e-07  28.7307
1.02728e-07  28.7307
1.01282e-07  28.7307
9.98554e-08  28.7307
9.84493e-08  28.7307
9.7063e-08  28.7307
9.56962e-08  28.7307
9.43487e-08  28.7307
9.30201e-08  28.7307
9.17103e-08  28.7307
9.04189e-08  28.7307
8.91457e-08  28.7307
8.78904e-08  28.7307
8.66528e-08  28.7307
8.54326e-08  28.7306
8.42296e-08  28.7306
8.30435e-08  28.7306
8.18741e-08  28.7306
8.07212e-08  28.7306
7.95846e-08  28.7306
7.84639e-08  28.7306
7.7359e-08  28.7306
7.62697e-08  28.7306
7.51957e-08  28.7306
7.41369e-08  28.7306
7.30929e-08  28.7306
7.20637e-08  28.7306
7.10489e-08  28.7306
7.00485e-08  28.7306
6.90621e-08  28.7306
6.80896e-08  28.7306
6.71308e-08  28.7306
6.61855e-08  28.7306
6.52535e-08  28.7306
6.43347e-08  28.7306
6.34287e-08  28.7306
6.25356e-08  28.7306
6.1655e-08  28.7306
6.07868e-08  28.7306
5.99308e-08  28.7306
5.90869e-08  28.7306
5.82549e-08  28.7306
5.74346e-08  28.7306
5.66259e-08  28.7306
5.58285e-08  28.7306
5.50423e-08  28.7306
5.42673e-08  28.7306
5.35031e-08  28.7306
5.27497e-08  28.7306
5.20069e-08  28.7306
5.12746e-08  28.7306
5.05526e-08  28.7306
4.98407e-08  28.7306
4.91389e-08  28.7306
4.8447e-08  28.7306
4.77648e-08  28.7306
4.70922e-08  28.7306
4.64291e-08  28.7306
4.57753e-08  28.7306
4.51307e-08  28.7306
4.44952e-08  28.7306
4.38686e-08  28.7306
4.32509e-08  28.7306
4.26419e-08  28.7306
4.20414e-08  28.7306
4.14494e-08  28.7306
4.08658e-08  28.7306
4.02903e-08  28.7306
3.9723e-08  28.7306
3.91636e-08  28.7306
3.86121e-08  28.7306
3.80684e-08  28.7306
3.75324e-08  28.7306
3.70039e-08  28.7306
3.64828e-08  28.7306
3.59691e-08  28.7306
3.54626e-08  28.7306
3.49632e-08  28.7306
3.44709e-08  28.7306
3.39855e-08  28.7306
3.35069e-08  28.7306
3.30351e-08  28.7306
3.25699e-08  28.7306
3.21113e-08  28.7306
3.16591e-08  28.7306
3.12133e-08  28.7306
3.07738e-08  28.7306
3.03405e-08  28.7306
2.99132e-08  28.7306
2.9492e-08  28.7306
2.90767e-08  28.7306
2.86673e-08  28.7306
2.82636e-08  28.7306
2.78656e-08  28.7306
2.74732e-08  28.7306
2.70864e-08  28.7306
2.6705e-08  28.7306
2.63289e-08  28.7306
2.59582e-08  28.7306
2.55926e-08  28.7306
2.52323e-08  28.7306
2.4877e-08  28.7306
2.45267e-08  28.7306
2.41813e-08  28.7306
2.38408e-08  28.7306
2.35051e-08  28.7306
2.31741e-08  28.7306
2.28478e-08  28.7306
2.2526e-08  28.7306
2.22088e-08  28.7306
2.18961e-08  28.7306
2.15878e-08  28.7306
2.12838e-08  28.7306
2.09841e-08  28.7306
2.06886e-08  28.7306
2.03973e-08  28.7306
2.01101e-08  28.7306
1.98269e-08  28.7306
1.95477e-08  28.7306
1.92724e-08  28.7306
1.90011e-08  28.7306
1.87335e-08  28.7306
1.84697e-08  28.7306
1.82096e-08  28.7306
1.79532e-08  28.7306
1.77004e-08  28.7306
1.74512e-08  28.7306
1.72054e-08  28.7306
1.69631e-08  28.7306
1.67243e-08  28.7306
1.64888e-08  28.7306
1.62566e-08  28.7306
1.60277e-08  28.7306
1.5802e-08  28.7306
1.55795e-08  28.7306
1.53601e-08  28.7306
1.51438e-08  28.7306
1.49306e-08  28.7306
1.47203e-08  28.7306
1.4513e-08  28.7306
1.43087e-08  28.7306
1.41072e-08  28.7306
1.39085e-08  28.7306
1.37127e-08  28.7306
1.35196e-08  28.7306
1.33292e-08  28.7306
1.31415e-08  28.7306
1.29565e-08  28.7306
1.2774e-08  28.7306
1.25942e-08  28.7306
1.24168e-08  28.7306
1.2242e-08  28.7306
1.20696e-08  28.7306
1.18996e-08  28.7306
1.17321e-08  28.7306
1.15669e-08  28.7306
1.1404e-08  28.7306
1.12434e-08  28.7306
1.10851e-08  28.7306
1.0929e-08  28.7306
1.07751e-08  28.7306
1.06234e-08  28.7306
1.04738e-08  28.7306
1.03263e-08  28.7306
1.01809e-08  28.7306
1.00375e-08  28.7306
9.89617e-09  28.7306
9.75682e-09  28.7306
9.61943e-09  28.7306
9.48398e-09  28.7306
9.35043e-09  28.7306
9.21876e-09  28.7306
9.08895e-09  28.7306
8.96097e-09  28.7306
8.83478e-09  28.7306
8.71038e-09  28.7306
8.58772e-09  28.7306
8.4668e-09  28.7306
8.34757e-09  28.7306
8.23003e-09  28.7306
8.11414e-09  28.7306
7.99988e-09  28.7306
7.88723e-09  28.7306
7.77617e-09  28.7306
7.66667e-09  28.7306
7.55871e-09  28.7306
7.45227e-09  28.7306
7.34734e-09  28.7306
7.24388e-09  28.7306
7.14187e-09  28.7306
7.0413e-09  28.7306
6.94215e-09  28.7306
6.8444e-09  28.7306
6.74802e-09  28.7306
6.653e-09  28.7306
6.55932e-09  28.7306
6.46695e-09  28.7306
6.37589e-09  28.7306
6.28611e-09  28.7306
6.19759e-09  28.7306
6.11032e-09  28.7306
6.02428e-09  28.7306
5.93945e-09  28.7306
5.85581e-09  28.7306
5.77336e-09  28.7306
5.69206e-09  28.7306
5.61191e-09  28.7306
5.53288e-09  28.7306
5.45497e-09  28.7306
5.37816e-09  28.7306
5.30243e-09  28.7306
5.22776e-09  28.7306
5.15415e-09  28.7306
5.08157e-09  28.7306
5.01002e-09  28.7306
4.93947e-09  28.7306
4.86991e-09  28.7306
4.80134e-09  28.7306
4.73373e-09  28.7306
4.66707e-09  28.7306
4.60135e-09  28.7306
4.53656e-09  28.7306
4.47268e-09  28.7306
4.4097e-09  28.7306
4.3476e-09  28.7306
4.28638e-09  28.7306
4.22602e-09  28.7306
4.16652e-09  28.7306
4.10785e-09  28.7306
4.05e-09  28.7306
3.99297e-09  28.7306
3.93675e-09  28.7306
3.88131e-09  28.7306
3.82666e-09  28.7306
3.77277e-09  28.7306
3.71965e-09  28.7306
3.66727e-09  28.7306
3.61563e-09  28.7306
3.56472e-09  28.7306
3.51452e-09  28.7306
3.46503e-09  28.7306
3.41624e-09  28.7306
3.36813e-09  28.7306
3.32071e-09  28.7306
3.27395e-09  28.7306
3.22784e-09  28.7306
3.18239e-09  28.7306
3.13758e-09  28.7306
3.0934e-09  28.7306
3.04984e-09  28.7306
3.00689e-09  28.7306
2.96455e-09  28.7306
2.92281e-09  28.7306
2.88165e-09  28.7306
2.84107e-09  28.7306
2.80107e-09  28.7306
2.76162e-09  28.7306
2.72274e-09  28.7306
2.6844e-09  28.7306
2.6466e-09  28.7306
2.60933e-09  28.7306
2.57259e-09  28.7306
2.53636e-09  28.7306
2.50064e-09  28.7306
2.46543e-09  28.7306
2.43071e-09  28.7306
2.39649e-09  28.7306
2.36274e-09  28.7306
2.32947e-09  28.7306
2.29667e-09  28.7306
2.26433e-09  28.7306
2.23244e-09  28.7306
2.20101e-09  28.7306
2.17001e-09  28.7306
2.13946e-09  28.7306
2.10933e-09  28.7306
2.07963e-09  28.7306
2.05035e-09  28.7306
2.02147e-09  28.7306
1.99301e-09  28.7306
1.96494e-09  28.7306
1.93728e-09  28.7306
1.91e-09  28.7306
1.8831e-09  28.7306
1.85658e-09  28.7306
1.83044e-09  28.7306
1.80467e-09  28.7306
1.77925e-09  28.7306
1.7542e-09  28.7306
1.7295e-09  28.7306
1.70514e-09  28.7306
1.68113e-09  28.7306
1.65746e-09  28.7306
1.63412e-09  28.7306
1.61111e-09  28.7306
1.58842e-09  28.7306
1.56606e-09  28.7306
1.544e-09  28.7306
1.52226e-09  28.7306
1.50083e-09  28.7306
1.47969e-09  28.7306
1.45886e-09  28.7306
1.43832e-09  28.7306
1.41806e-09  28.7306
1.39809e-09  28.7306
1.37841e-09  28.7306
1.359e-09  28.7306
1.33986e-09  28.7306
1.32099e-09  28.7306
1.30239e-09  28.7306
1.28405e-09  28.7306
1.26597e-09  28.7306
1.24814e-09  28.7306
1.23057e-09  28.7306
1.21324e-09  28.7306
1.19616e-09  28.7306
1.17931e-09  28.7306
1.16271e-09  28.7306
1.14633e-09  28.7306
1.13019e-09  28.7306
1.11428e-09  28.7306
1.09859e-09  28.7306
1.08312e-09  28.7306
1.06787e-09  28.7306
1.05283e-09  28.7306
1.038e-09  28.7306
1.02339e-09  28.7306
1.00898e-09  28.7306
9.94768e-10  28.7306
9.80761e-10  28.7306
9.6695e-10  28.7306
9.53334e-10  28.7306
9.3991e-10  28.7306
9.26675e-10  28.7306
9.13626e-10  28.7306
9.00761e-10  28.7306
8.88077e-10  28.7306
8.75572e-10  28.7306
8.63242e-10  28.7306
8.51087e-10  28.7306
8.39102e-10  28.7306
8.27287e-10  28.7306
8.15637e-10  28.7306
8.04152e-10  28.7306
7.92829e-10  28.7306
7.81664e-10  28.7306
7.70657e-10  28.7306
7.59806e-10  28.7306
7.49106e-10  28.7306
7.38558e-10  28.7306
7.28158e-10  28.7306
7.17905e-10  28.7306
7.07796e-10  28.7306
6.97829e-10  28.7306
6.88002e-10  28.7306
6.78314e-10  28.7306
6.68763e-10  28.7306
6.59346e-10  28.7306
6.50061e-10  28.7306
6.40908e-10  28.7306
6.31883e-10  28.7306
6.22985e-10  28.7306
6.14212e-10  28.7306
6.05563e-10  28.7306
5.97036e-10  28.7306
5.88629e-10  28.7306
5.8034e-10  28.7306
5.72169e-10  28.7306
5.64112e-10  28.7306
5.56168e-10  28.7306
5.48337e-10  28.7306
5.40615e-10  28.7306
5.33003e-10  28.7306
5.25497e-10  28.7306
5.18098e-10  28.7306
5.10802e-10  28.7306
5.03609e-10  28.7306
4.96518e-10  28.7306
4.89526e-10  28.7306
4.82633e-10  28.7306
4.75837e-10  28.7306
4.69136e-10  28.7306
4.6253e-10  28.7306
4.56017e-10  28.7306
4.49596e-10  28.7306
4.43265e-10  28.7306
4.37023e-10  28.7306
4.30869e-10  28.7306
4.24802e-10  28.7306
4.1882e-10  28.7306
4.12923e-10  28.7306
4.07108e-10  28.7306
4.01376e-10  28.7306
3.95724e-10  28.7306
3.90151e-10  28.7306
3.84658e-10  28.7306
3.79241e-10  28.7306
3.73901e-10  28.7306
3.68636e-10  28.7306
3.63445e-10  28.7306
3.58327e-10  28.7306
3.53281e-10  28.7306
3.48307e-10  28.7306
3.43402e-10  28.7306
3.38566e-10  28.7306
3.33799e-10  28.7306
3.29099e-10  28.7306
3.24464e-10  28.7306
3.19896e-10  28.7306
3.15391e-10  28.7306
3.1095e-10  28.7306
3.06571e-10  28.7306
3.02254e-10  28.7306
2.97998e-10  28.7306
2.93802e-10  28.7306
2.89665e-10  28.7306
2.85586e-10  28.7306
2.81564e-10  28.7306
2.776e-10  28.7306
2.73691e-10  28.7306
2.69837e-10  28.7306
2.66037e-10  28.7306
2.62291e-10  28.7306
2.58597e-10  28.7306
2.54956e-10  28.7306
2.51366e-10  28.7306
2.47826e-10  28.7306
2.44337e-10  28.7306
2.40896e-10  28.7306
2.37504e-10  28.7306
2.3416e-10  28.7306
2.30862e-10  28.7306
2.27611e-10  28.7306
2.24406e-10  28.7306
2.21246e-10  28.7306
2.18131e-10  28.7306
2.15059e-10  28.7306
2.12031e-10  28.7306
2.09045e-10  28.7306
2.06102e-10  28.7306
2.03199e-10  28.7306
2.00338e-10  28.7306
1.97517e-10  28.7306
1.94736e-10  28.7306
1.91994e-10  28.7306
1.8929e-10  28.7306
1.86625e-10  28.7306
1.83997e-10  28.7306
1.81406e-10  28.7306
1.78851e-10  28.7306
1.76333e-10  28.7306
1.7385e-10  28.7306
1.71402e-10  28.7306
1.68988e-10  28.7306
1.66609e-10  28.7306
1.64263e-10  28.7306
1.6195e-10  28.7306
1.59669e-10  28.7306
1.57421e-10  28.7306
1.55204e-10  28.7306
1.53019e-10  28.7306
1.50864e-10  28.7306
1.4874e-10  28.7306
1.46645e-10  28.7306
1.4458e-10  28.7306
1.42544e-10  28.7306
1.40537e-10  28.7306
1.38558e-10  28.7306
1.36607e-10  28.7306
1.34683e-10  28.7306
1.32787e-10  28.7306
1.30917e-10  28.7306
1.29074e-10  28.7306
1.27256e-10  28.7306
1.25464e-10  28.7306
1.23697e-10  28.7306
1.21956e-10  28.7306
1.20238e-10  28.7306
1.18545e-10  28.7306
1.16876e-10  28.7306
1.1523e-10  28.7306
1.13607e-10  28.7306
1.12008e-10  28.7306
1.1043e-10  28.7306
1.08875e-10  28.7306
1.07342e-10  28.7306
1.05831e-10  28.7306
1.04341e-10  28.7306
1.02871e-10  28.7306
1.01423e-10  28.7306
9.99946e-11  28.7306
