479.012  190.117
472.066  161.335
465.221  172.942
458.475  73.9135
451.827  120.944
445.276  334.222
438.819  221.672
432.457  141.459
426.186  208.334
420.006  287.011
413.916  191.859
407.914  253.459
402  163.199
396.171  288.148
390.426  170.466
384.765  166.044
379.186  304.321
373.688  281.602
368.269  356.141
362.929  280.464
357.667  248.637
352.481  217.954
347.37  242.376
342.333  279.848
337.369  237.344
332.477  189.738
327.656  128.047
322.905  119.121
318.223  354.247
313.609  214.14
309.062  334.406
304.58  144.25
300.164  192.437
295.812  190.014
291.522  280.706
287.295  155.678
283.13  282.179
279.024  205.703
274.978  266.224
270.991  426.58
267.062  263.306
263.189  224.94
259.373  182.154
255.612  112.142
251.906  199.416
248.253  202.01
244.654  372.189
241.106  243.246
237.61  164.28
234.165  190.64
230.769  333.337
227.423  255.012
224.126  141.551
220.876  222.07
217.673  144.027
214.517  137.72
211.406  143.62
208.341  134.72
205.32  136.628
202.343  240.815
199.409  136.759
196.518  358.239
193.668  133.358
190.86  143.865
188.092  186.785
185.365  194.109
182.677  145.283
180.028  285.984
177.418  302.983
174.846  175.929
172.31  162.273
169.812  144.605
167.35  227.278
164.923  180.319
162.532  275.932
160.175  187.422
157.852  358.591
155.563  335.036
153.308  145.744
151.085  240.133
148.894  219.071
146.735  225.877
144.608  211.325
142.511  281.275
140.444  190.684
138.408  114.756
136.401  160.486
134.423  189.877
132.474  238.418
130.553  157.776
128.66  272.303
126.795  143.663
124.956  125.919
123.144  163.386
121.359  153.444
119.599  145.394
117.865  375.612
116.156  292.262
114.471  156.541
112.812  116.013
111.176  446.929
109.564  132.095
107.975  166.76
106.41  205.587
104.867  198.88
103.346  131.911
101.848  129.039
100.371  182.488
98.9154  192.471
97.4811  113.717
96.0676  327.59
94.6746  102.741
93.3019  121.966
91.949  151.161
90.6157  168.496
89.3018  96.1194
88.0069  104.329
86.7308  284.507
85.4732  84.1535
84.2339  224.054
83.0125  143.072
81.8088  214.591
80.6226  310.361
79.4536  256.814
78.3015  130.288
77.1661  147.915
76.0472  122.875
74.9445  87.4269
73.8578  97.2482
72.7869  147.857
71.7315  157.602
70.6914  91.7036
69.6664  108.82
68.6562  119.185
67.6607  204.151
66.6796  62.2458
65.7128  203.488
64.7599  83.7153
63.8209  129.313
62.8955  147.621
61.9835  346.436
61.0848  256.408
60.199  216.352
59.3261  67.9884
58.4659  155.774
57.6182  137.158
56.7827  137.722
55.9594  160.229
55.1479  157.175
54.3483  134.095
53.5603  127.041
52.7836  188.811
52.0183  106.691
51.264  166.094
50.5207  103.792
49.7881  155.479
49.0662  203.149
48.3548  209.942
47.6536  75.6914
46.9626  142.888
46.2817  179.894
45.6106  116.741
44.9492  137.255
44.2975  131.698
43.6552  177.153
43.0222  169.176
42.3983  208.59
41.7836  115.85
41.1777  172.094
40.5806  92.8658
39.9922  217.777
39.4123  158.375
38.8409  74.1508
38.2777  99.2871
37.7226  88.6139
37.1757  122.986
36.6366  87.6836
36.1054  121.253
35.5819  157.545
35.0659  106.757
34.5575  263.46
34.0564  120.661
33.5626  144.899
33.0759  91.9061
32.5963  115.414
32.1237  166.255
31.6579  135.362
31.1988  98.6405
30.7465  175.167
30.3006  137.545
29.8613  143.304
29.4283  140.066
29.0016  95.5001
28.5811  126.753
28.1666  105.736
27.7582  116.301
27.3557  130.338
26.9591  181.605
26.5682  123.011
26.1829  135.289
25.8033  97.5073
25.4291  103.531
25.0604  159.895
24.697  133.568
24.3389  134.277
23.986  87.2093
23.6382  149.12
23.2955  86.9496
22.9577  62.0869
22.6248  107.049
22.2967  139.891
21.9734  104.134
21.6548  67.1291
21.3408  105.848
21.0314  68.767
20.7264  94.6354
20.4259  56.3168
20.1297  96.4027
19.8378  59.0888
19.5502  117.458
19.2667  94.7529
18.9874  102.766
18.712  136.535
18.4407  161.27
18.1733  72.1205
17.9098  80.5884
17.6501  114.107
17.3942  96.331
17.142  119.309
16.8934  129.126
16.6485  118.188
16.4071  149.215
16.1692  191.111
15.9347  82.1602
15.7037  63.1013
15.476  90.331
15.2516  79.489
15.0304  84.8973
14.8125  133.355
14.5977  79.1249
14.386  59.0656
14.1774  62.7722
13.9719  71.9576
13.7693  97.2675
13.5696  65.5699
13.3729  74.2096
13.1789  87.6847
12.9879  88.1707
12.7995  91.3615
12.6139  90.0722
12.431  60.405
12.2508  87.8464
12.0732  87.9852
11.8981  79.5697
11.7256  81.9354
11.5555  82.799
11.388  66.8317
11.2229  73.8251
11.0601  101.474
10.8998  106.239
10.7417  66.0647
10.586  80.8318
10.4325  130.562
10.2812  94.0253
10.1321  58.2184
9.98521  87.2923
9.84042  69.9184
9.69774  72.4517
9.55712  69.0174
9.41854  80.2042
9.28197  81.5406
9.14739  72.0256
9.01475  61.5529
8.88404  71.5768
8.75522  59.9972
8.62827  97.3455
8.50316  58.704
8.37986  73.4295
8.25835  50.1337
8.13861  89.7016
8.0206  91.7142
7.9043  71.6102
7.78969  74.359
7.67674  95.2223
7.56542  59.2763
7.45573  70.6532
7.34762  64.2295
7.24108  61.7065
7.13608  62.7742
7.03261  76.8532
6.93064  62.5132
6.83014  78.6468
6.73111  78.4838
6.63351  72.8882
6.53732  58.8088
6.44253  69.7489
6.34911  87.3088
6.25705  66.7066
6.16632  70.0406
6.07691  73.2586
5.9888  103.816
5.90196  61.0145
5.81638  58.7032
5.73205  65.674
5.64893  59.7947
5.56702  65.9906
5.4863  67.3782
5.40675  56.2578
5.32835  78.5152
5.25109  65.2408
5.17495  55.3893
5.09991  68.7011
5.02596  57.0375
4.95309  57.5132
4.88127  54.4101
4.81049  76.7063
4.74074  61.7315
4.672  63.7288
4.60425  69.4146
4.53749  63.1433
4.4717  52.0339
4.40686  59.6028
4.34296  49.4778
4.27999  54.519
4.21793  60.842
4.15677  61.7545
4.0965  59.4531
4.0371  60.3568
3.97856  66.9814
3.92087  51.6136
3.86402  56.8464
3.80799  65.9522
3.75277  56.185
3.69836  52.7553
3.64473  77.4576
3.59188  56.6287
3.5398  66.6462
3.48847  62.3434
3.43789  61.0305
3.38804  55.6252
3.33892  50.1303
3.2905  66.2414
3.24279  53.6709
3.19577  59.93
3.14943  53.6311
3.10376  41.9596
3.05876  60.2624
3.01441  55.5675
2.9707  54.4769
2.92762  56.2793
2.88517  56.2835
2.84334  46.5188
2.80211  56.0685
2.76148  55.1582
2.72144  68.6274
2.68198  45.3035
2.64309  54.5703
2.60476  48.337
2.567  56.5744
2.52977  51.1339
2.49309  50.5876
2.45694  54.126
2.42132  56.6147
2.38621  53.9484
2.35161  59.3342
2.31751  52.4036
2.28391  52.0642
2.25079  51.7544
2.21815  55.7056
2.18599  59.0667
2.15429  47.8431
2.12306  48.7014
2.09227  54.6612
2.06193  54.0346
2.03204  58.6435
2.00257  52.5627
1.97353  46.3333
1.94492  50.3758
1.91672  48.0119
1.88892  55.5404
1.86154  50.7704
1.83454  49.7798
1.80794  49.8221
1.78173  47.7221
1.75589  44.3478
1.73043  46.727
1.70534  46.3065
1.68061  51.4602
1.65624  43.4437
1.63223  43.6068
1.60856  45.6886
1.58524  45.2507
1.56225  48.6223
1.5396  46.3709
1.51728  46.982
1.49527  45.0871
1.47359  58.2643
1.45223  45.5062
1.43117  44.3394
1.41042  42.2464
1.38997  51.8471
1.36981  46.2559
1.34995  45.8605
1.33038  46.3251
1.31108  49.0517
1.29207  42.797
1.27334  42.7773
1.25488  45.8577
1.23668  43.8374
1.21875  43.3202
1.20108  41.5902
1.18366  40.6625
1.1665  42.3317
1.14958  42.6238
1.13291  43.5673
1.11649  42.5502
1.1003  43.6497
1.08434  43.406
1.06862  42.5491
1.05313  41.8032
1.03786  42.6556
1.02281  43.1072
1.00798  42.9149
0.993361  45.5972
0.978957  50.3418
0.964762  49.9375
0.950773  48.056
0.936987  50.1343
0.923401  53.2997
0.910012  47.9983
0.896816  47.6013
0.883813  49.4789
0.870997  50.9323
0.858368  52.0616
0.845922  52.5691
0.833656  45.7941
0.821568  46.7502
0.809655  49.9383
0.797915  45.9346
0.786345  43.3043
0.774943  44.6851
0.763707  44.1444
0.752633  41.2611
0.74172  41.8636
0.730965  43.0458
0.720366  42.7988
0.709921  44.8996
0.699627  40.742
0.689482  43.306
0.679485  42.8658
0.669632  41.9742
0.659923  42.0279
0.650354  42.3237
0.640924  43.1016
0.63163  42.8571
0.622472  44.1106
0.613446  43.3465
0.604551  43.7537
0.595785  44.9452
0.587146  43.2447
0.578633  42.5265
0.570242  41.8535
0.561974  41.9568
0.553825  41.5047
0.545795  41.3909
0.537881  42.1549
0.530082  42.4574
0.522395  42.5053
0.514821  41.1634
0.507356  40.9291
0.499999  41.3016
0.492749  40.5548
0.485604  41.0957
0.478563  43.6395
0.471624  42.7105
0.464785  43.2004
0.458046  41.0218
0.451404  42.1447
0.444859  40.9166
0.438409  41.7787
0.432052  42.3676
0.425787  43.6285
0.419613  41.3236
0.413529  42.2376
0.407533  42.789
0.401623  42.2329
0.3958  41.8877
0.390061  41.8727
0.384405  41.6611
0.378831  41.7013
0.373338  41.2421
0.367925  40.4792
0.36259  41.3629
0.357332  41.3817
0.352151  42.6755
0.347045  40.5679
0.342013  41.62
0.337053  40.9385
0.332166  41.4368
0.32735  42.5146
0.322603  41.4575
0.317925  41.7109
0.313316  41.043
0.308772  40.981
0.304295  40.6836
0.299883  41.399
0.295535  42.3005
0.291249  41.5026
0.287026  41.4058
0.282864  41.6662
0.278763  41.3456
0.274721  41.5682
0.270737  41.1337
0.266812  41.0477
0.262943  41.3341
0.25913  41.7018
0.255373  40.9388
0.25167  40.56
0.248021  41.3283
0.244425  41.8629
0.24088  40.6999
0.237388  40.8802
0.233946  40.9448
0.230553  41.3053
0.22721  40.7068
0.223916  40.3377
0.220669  40.9846
0.217469  40.3596
0.214316  40.8628
0.211208  40.597
0.208146  40.0733
0.205128  40.4211
0.202153  40.7368
0.199222  40.4508
0.196334  40.8819
0.193487  40.3818
0.190681  40.4894
0.187916  40.1641
0.185192  40.6454
0.182506  40.6512
0.17986  40.218
0.177252  40.1868
0.174682  40.0889
0.172149  40.0506
0.169653  40.9496
0.167193  40.6328
0.164769  40.3085
0.162379  40.5381
0.160025  40.416
0.157705  40.2984
0.155418  40.648
0.153164  40.6716
0.150943  41.1362
0.148755  40.3733
0.146598  40.1799
0.144472  40.6419
0.142377  40.4947
0.140313  40.2447
0.138278  40.4599
0.136273  40.3605
0.134297  40.9598
0.13235  40.781
0.130431  40.463
0.12854  40.7518
0.126676  40.0787
0.124839  40.9036
0.123029  40.3962
0.121245  40.4804
0.119487  40.2499
0.117754  40.1779
0.116047  40.2764
0.114364  40.142
0.112706  40.4194
0.111072  40.3618
0.109461  40.0312
0.107874  40.0551
0.10631  40.0071
0.104768  40.3628
0.103249  40.169
0.101752  40.0678
0.100277  40.5421
0.0988227  39.8934
0.0973898  40.0069
0.0959777  40.0205
0.094586  40.1251
0.0932145  40.0513
0.0918629  40.1602
0.0905309  40.1292
0.0892182  39.8968
0.0879245  39.9814
0.0866496  39.8478
0.0853932  40.0726
0.084155  39.9217
0.0829348  40.1234
0.0817322  40.5309
0.0805471  39.9803
0.0793792  39.8892
0.0782282  39.9617
0.0770939  39.8064
0.075976  39.8166
0.0748744  39.9629
0.0737887  40.0095
0.0727188  39.9541
0.0716643  39.959
0.0706252  40.0659
0.0696011  39.9907
0.0685919  40.0286
0.0675974  40.0404
0.0666172  39.9271
0.0656513  40.071
0.0646993  40.0085
0.0637612  40.0257
0.0628366  39.8982
0.0619255  39.8455
0.0610276  40.0192
0.0601427  39.8451
0.0592706  39.7522
0.0584112  39.8817
0.0575642  39.873
0.0567296  39.8855
0.055907  39.9407
0.0550963  39.7181
0.0542974  39.8231
0.0535101  39.8721
0.0527342  39.8114
0.0519696  40.0225
0.051216  39.6564
0.0504734  39.86
0.0497415  39.8284
0.0490203  39.7645
0.0483095  39.7702
0.047609  39.7807
0.0469187  39.8188
0.0462384  39.7986
0.0455679  39.759
0.0449072  39.9029
0.044256  39.8079
0.0436143  39.6553
0.0429819  39.7629
0.0423587  39.7119
0.0417445  39.6709
0.0411392  39.6341
0.0405427  39.616
0.0399548  39.6351
0.0393755  39.701
0.0388045  39.6496
0.0382419  39.6673
0.0376873  39.8064
0.0371409  39.798
0.0366023  39.7717
0.0360716  39.6976
0.0355486  39.6231
0.0350331  39.6429
0.0345251  39.6066
0.0340245  39.5853
0.0335312  39.7392
0.033045  39.9072
0.0325658  39.7807
0.0320936  39.9691
0.0316283  39.7155
0.0311696  39.7358
0.0307177  39.6254
0.0302723  39.6624
0.0298333  39.7591
0.0294008  39.7976
0.0289744  39.7515
0.0285543  39.6006
0.0281403  39.6584
0.0277322  39.6438
0.0273301  39.6143
0.0269338  39.6731
0.0265433  39.603
0.0261584  39.6263
0.0257791  39.6226
0.0254053  39.7306
0.025037  39.6328
0.0246739  39.6776
0.0243162  39.6765
0.0239636  39.7814
0.0236161  39.6697
0.0232737  39.7035
0.0229362  39.6215
0.0226036  39.6214
0.0222759  39.6367
0.0219529  39.6222
0.0216346  39.6912
0.0213209  39.7377
0.0210117  39.6504
0.020707  39.6248
0.0204068  39.6117
0.0201109  39.6117
0.0198193  39.622
0.0195319  39.6325
0.0192487  39.6336
0.0189696  39.6441
0.0186945  39.6251
0.0184235  39.6251
0.0181563  39.6338
0.0178931  39.6389
0.0176336  39.6296
0.0173779  39.6114
0.0171259  39.6223
0.0168776  39.7433
0.0166329  39.6511
0.0163917  39.6704
0.016154  39.6547
0.0159198  39.6266
0.015689  39.6421
0.0154615  39.6213
0.0152373  39.5791
0.0150163  39.5888
0.0147986  39.5788
0.014584  39.5788
0.0143726  39.546
0.0141642  39.5562
0.0139588  39.546
0.0137564  39.546
0.0135569  39.5516
0.0133603  39.546
0.0131666  39.5562
0.0129757  39.5289
0.0127875  39.5288
0.0126021  39.539
0.0124194  39.5393
0.0122393  39.5289
0.0120618  39.5392
0.011887  39.5615
0.0117146  39.5682
0.0115447  39.5682
0.0113773  39.5629
0.0112124  39.5628
0.0110498  39.5778
0.0108896  39.5569
0.0107317  39.5467
0.0105761  39.5397
0.0104227  39.5349
0.0102716  39.5349
0.0101226  39.5452
0.00997586  39.5351
0.00983121  39.5351
0.00968866  39.5432
0.00954817  39.5432
0.00940972  39.5342
0.00927328  39.5445
0.00913882  39.5359
0.00900631  39.546
0.00887572  39.5359
0.00874702  39.5322
0.00862019  39.5325
0.00849519  39.5399
0.00837201  39.5299
0.00825062  39.5403
0.00813099  39.5297
0.00801309  39.5399
0.0078969  39.5401
0.00778239  39.5396
0.00766955  39.5297
0.00755834  39.5416
0.00744874  39.5563
0.00734074  39.5543
0.0072343  39.5332
0.0071294  39.5313
0.00702602  39.5416
0.00692415  39.5313
0.00682375  39.5313
0.0067248  39.5312
0.00662729  39.5313
0.0065312  39.5314
0.0064365  39.5314
0.00634317  39.5313
0.00625119  39.5313
0.00616055  39.5313
0.00607122  39.5475
0.00598319  39.5413
0.00589643  39.5413
0.00581094  39.5314
0.00572668  39.5382
0.00564364  39.5418
0.00556181  39.5417
0.00548116  39.5417
0.00540169  39.5417
0.00532336  39.5317
0.00524617  39.5298
0.0051701  39.5327
0.00509514  39.5326
0.00502126  39.5326
0.00494845  39.5327
0.0048767  39.5427
0.00480598  39.5328
0.0047363  39.5327
0.00466762  39.5326
0.00459994  39.5294
0.00453324  39.5294
0.00446751  39.5396
0.00440273  39.53
0.00433889  39.53
0.00427598  39.5301
0.00421398  39.5301
0.00415288  39.5301
0.00409266  39.5301
0.00403332  39.5302
0.00397483  39.5301
0.0039172  39.5301
0.0038604  39.5301
0.00380442  39.53
0.00374926  39.53
0.00369489  39.5291
0.00364132  39.5292
0.00358852  39.5292
0.00353649  39.5351
0.00348521  39.5292
0.00343467  39.5292
0.00338487  39.5292
0.00333579  39.5293
0.00328742  39.5355
0.00323975  39.5354
0.00319278  39.5353
0.00314648  39.5412
0.00310086  39.5412
0.00305589  39.5354
0.00301158  39.5354
0.00296792  39.5355
0.00292488  39.5346
0.00288247  39.5346
0.00284068  39.5446
0.00279949  39.5445
0.00275889  39.5345
0.00271889  39.5344
0.00267947  39.5344
0.00264061  39.5346
0.00260233  39.5345
0.00256459  39.5345
0.0025274  39.5345
0.00249076  39.5346
0.00245464  39.5345
0.00241905  39.5346
0.00238397  39.5345
0.00234941  39.5345
0.00231534  39.5344
0.00228177  39.5345
0.00224868  39.5346
0.00221608  39.5345
0.00218394  39.5346
0.00215228  39.5344
0.00212107  39.5346
0.00209031  39.5346
0.00206  39.5345
0.00203013  39.5347
0.0020007  39.5346
0.00197169  39.5346
0.0019431  39.5346
0.00191492  39.5346
0.00188716  39.5345
0.00185979  39.5345
0.00183283  39.5312
0.00180625  39.5315
0.00178006  39.5313
0.00175425  39.5314
0.00172881  39.5315
0.00170374  39.5311
0.00167904  39.5313
0.00165469  39.5313
0.0016307  39.5315
0.00160706  39.5311
0.00158375  39.5312
0.00156079  39.5312
0.00153816  39.5312
0.00151585  39.5311
0.00149387  39.5312
0.00147221  39.5322
0.00145087  39.5316
0.00142983  39.5318
0.0014091  39.5316
0.00138866  39.5317
0.00136853  39.5315
0.00134869  39.5315
0.00132913  39.5314
0.00130986  39.5319
0.00129086  39.5319
0.00127215  39.5319
0.0012537  39.5319
0.00123552  39.5318
0.00121761  39.5319
0.00119995  39.5318
0.00118255  39.5318
0.00116541  39.5318
0.00114851  39.5319
0.00113185  39.5319
0.00111544  39.5319
0.00109927  39.5318
0.00108333  39.5319
0.00106762  39.5319
0.00105214  39.5319
0.00103688  39.5318
0.00102185  39.5318
0.00100703  39.5319
0.00099243  39.5319
0.00097804  39.5318
0.000963859  39.5319
0.000949883  39.5318
0.00093611  39.5317
0.000922536  39.5318
0.000909159  39.5318
0.000895976  39.5318
0.000882985  39.5319
0.000870182  39.5319
0.000857564  39.5319
0.000845129  39.5319
0.000832875  39.5318
0.000820798  39.5319
0.000808897  39.5319
0.000797168  39.5318
0.000785609  39.5317
0.000774218  39.5318
0.000762992  39.5319
0.000751928  39.5318
0.000741025  39.5318
0.00073028  39.532
0.000719691  39.5319
0.000709256  39.532
0.000698972  39.5319
0.000688837  39.5319
0.000678849  39.5318
0.000669005  39.5319
0.000659305  39.5318
0.000649745  39.5319
0.000640324  39.5319
0.000631039  39.532
0.000621889  39.5331
0.000612872  39.5332
0.000603985  39.5331
0.000595227  39.5332
0.000586596  39.5332
0.000578091  39.5331
0.000569708  39.533
0.000561448  39.5331
0.000553307  39.533
0.000545284  39.5332
0.000537377  39.533
0.000529585  39.5331
0.000521906  39.5331
0.000514339  39.533
0.000506881  39.5331
0.000499531  39.5331
0.000492288  39.533
0.00048515  39.5331
0.000478115  39.5332
0.000471182  39.5332
0.00046435  39.5331
0.000457617  39.533
0.000450982  39.5332
0.000444442  39.533
0.000437998  39.5331
0.000431647  39.5332
0.000425388  39.5331
0.00041922  39.5331
0.000413141  39.5332
0.000407151  39.5324
0.000401247  39.532
0.000395429  39.5319
0.000389695  39.5319
0.000384045  39.5318
0.000378476  39.5319
0.000372988  39.5319
0.00036758  39.5319
0.00036225  39.532
0.000356997  39.5319
0.000351821  39.5318
0.00034672  39.5318
0.000341692  39.5318
0.000336738  39.5318
0.000331855  39.5317
0.000327043  39.5317
0.000322301  39.5317
0.000317628  39.5318
0.000313022  39.5318
0.000308483  39.5317
0.00030401  39.5318
0.000299602  39.5318
0.000295258  39.5318
0.000290977  39.5318
0.000286758  39.5317
0.0002826  39.5317
0.000278502  39.5317
0.000274464  39.5317
0.000270484  39.5318
0.000266562  39.5317
0.000262697  39.5317
0.000258888  39.5318
0.000255134  39.5317
0.000251434  39.5317
0.000247789  39.5318
0.000244196  39.5318
0.000240655  39.5318
0.000237165  39.5318
0.000233727  39.5318
0.000230337  39.5318
0.000226998  39.5317
0.000223706  39.5318
0.000220462  39.5318
0.000217266  39.5318
0.000214115  39.5317
0.000211011  39.5317
0.000207951  39.5316
0.000204936  39.5318
0.000201964  39.5318
0.000199036  39.532
0.00019615  39.5319
0.000193306  39.5318
0.000190503  39.5319
0.00018774  39.5318
0.000185018  39.532
0.000182335  39.5319
0.000179692  39.5318
0.000177086  39.5317
0.000174518  39.5319
0.000171988  39.5319
0.000169494  39.5318
0.000167036  39.5317
0.000164614  39.5317
0.000162227  39.5317
0.000159875  39.5319
0.000157557  39.5319
0.000155272  39.5318
0.000153021  39.5319
0.000150802  39.5318
0.000148615  39.532
0.000146461  39.5319
0.000144337  39.5315
0.000142244  39.5316
0.000140181  39.5315
0.000138149  39.5315
0.000136146  39.5316
0.000134172  39.5315
0.000132226  39.5316
0.000130309  39.5315
0.000128419  39.5317
0.000126557  39.5315
0.000124722  39.5315
0.000122914  39.5316
0.000121131  39.5315
0.000119375  39.5314
0.000117644  39.5316
0.000115938  39.5316
0.000114257  39.5316
0.0001126  39.5315
0.000110968  39.5316
0.000109359  39.5316
0.000107773  39.5315
0.00010621  39.5315
0.00010467  39.5314
0.000103153  39.5315
0.000101657  39.5314
0.000100183  39.5315
9.87302e-05  39.5315
9.72986e-05  39.5316
9.58878e-05  39.5316
9.44974e-05  39.5315
9.31272e-05  39.5315
9.17769e-05  39.5315
9.04461e-05  39.5315
8.91346e-05  39.5316
8.78422e-05  39.5315
8.65685e-05  39.5315
8.53132e-05  39.5314
8.40762e-05  39.5312
8.28571e-05  39.5312
8.16557e-05  39.5312
8.04717e-05  39.5313
7.93048e-05  39.5313
7.81549e-05  39.5313
7.70217e-05  39.5313
7.59049e-05  39.5313
7.48042e-05  39.5313
7.37196e-05  39.5313
7.26507e-05  39.5313
7.15972e-05  39.5312
7.05591e-05  39.5314
6.9536e-05  39.5315
6.85277e-05  39.5313
6.7534e-05  39.5313
6.65548e-05  39.5312
6.55898e-05  39.5312
6.46387e-05  39.5313
6.37015e-05  39.5312
6.27778e-05  39.5313
6.18675e-05  39.5313
6.09704e-05  39.5312
6.00864e-05  39.5312
5.92151e-05  39.5313
5.83565e-05  39.5313
5.75103e-05  39.5313
5.66764e-05  39.5312
5.58546e-05  39.5313
5.50447e-05  39.5312
5.42466e-05  39.5312
5.346e-05  39.5314
5.26849e-05  39.5313
5.19209e-05  39.5313
5.11681e-05  39.5312
5.04261e-05  39.5312
4.9695e-05  39.5313
4.89744e-05  39.5313
4.82643e-05  39.5312
4.75644e-05  39.5312
4.68747e-05  39.5312
4.61951e-05  39.5313
4.55252e-05  39.5313
4.48651e-05  39.5313
4.42146e-05  39.5314
4.35735e-05  39.5312
4.29417e-05  39.5312
4.2319e-05  39.5313
4.17054e-05  39.5312
4.11007e-05  39.5313
4.05047e-05  39.5313
3.99174e-05  39.5312
3.93386e-05  39.5312
3.87682e-05  39.5312
3.8206e-05  39.5313
3.7652e-05  39.5312
3.71061e-05  39.5313
3.65681e-05  39.5312
3.60378e-05  39.5312
3.55153e-05  39.5313
3.50003e-05  39.5313
3.44928e-05  39.5312
3.39927e-05  39.5313
3.34998e-05  39.5312
3.3014e-05  39.5312
3.25353e-05  39.5312
3.20636e-05  39.5312
3.15986e-05  39.5314
3.11405e-05  39.5312
3.06889e-05  39.5312
3.02439e-05  39.5312
2.98054e-05  39.5312
2.93732e-05  39.5312
2.89473e-05  39.5312
2.85276e-05  39.5312
2.81139e-05  39.5313
2.77063e-05  39.5312
2.73045e-05  39.5313
2.69086e-05  39.5313
2.65184e-05  39.5312
2.61339e-05  39.5313
2.5755e-05  39.5313
2.53815e-05  39.5312
2.50135e-05  39.5312
2.46508e-05  39.5312
2.42934e-05  39.5312
2.39411e-05  39.5313
2.3594e-05  39.5313
2.32519e-05  39.5312
2.29147e-05  39.5312
2.25825e-05  39.5312
2.2255e-05  39.5312
2.19323e-05  39.5312
2.16143e-05  39.5304
2.13009e-05  39.5304
2.0992e-05  39.5304
2.06876e-05  39.5304
2.03877e-05  39.5304
2.00921e-05  39.5304
1.98007e-05  39.5304
1.95136e-05  39.5304
1.92307e-05  39.5304
1.89518e-05  39.5305
1.8677e-05  39.5305
1.84062e-05  39.5304
1.81393e-05  39.5304
1.78763e-05  39.5304
1.76171e-05  39.5304
1.73616e-05  39.5304
1.71099e-05  39.5304
1.68618e-05  39.5304
1.66173e-05  39.5304
1.63764e-05  39.5304
1.61389e-05  39.5304
1.59049e-05  39.5304
1.56743e-05  39.5304
1.5447e-05  39.5305
1.5223e-05  39.5304
1.50023e-05  39.5304
1.47847e-05  39.5304
1.45704e-05  39.5304
1.43591e-05  39.5304
1.41509e-05  39.5304
1.39457e-05  39.5304
1.37435e-05  39.5304
1.35442e-05  39.5305
1.33478e-05  39.5304
1.31543e-05  39.5304
1.29635e-05  39.5304
1.27756e-05  39.5304
1.25903e-05  39.5304
1.24078e-05  39.5304
1.22279e-05  39.5304
1.20506e-05  39.5304
1.18758e-05  39.5304
1.17036e-05  39.5304
1.15339e-05  39.5304
1.13667e-05  39.5304
1.12019e-05  39.5304
1.10394e-05  39.5304
1.08794e-05  39.5304
1.07216e-05  39.5304
1.05661e-05  39.5304
1.04129e-05  39.5304
1.0262e-05  39.5304
1.01132e-05  39.5305
9.96651e-06  39.5304
9.822e-06  39.5264
9.67958e-06  39.5264
9.53923e-06  39.5264
9.40091e-06  39.5264
9.2646e-06  39.5264
9.13026e-06  39.5264
8.99787e-06  39.5264
8.8674e-06  39.5264
8.73883e-06  39.5264
8.61211e-06  39.5264
8.48724e-06  39.5264
8.36417e-06  39.5264
8.24289e-06  39.5264
8.12337e-06  39.5264
8.00558e-06  39.5264
7.8895e-06  39.5264
7.77511e-06  39.5264
7.66237e-06  39.5264
7.55126e-06  39.5264
7.44177e-06  39.5264
7.33386e-06  39.5264
7.22752e-06  39.5264
7.12272e-06  39.5264
7.01945e-06  39.5264
6.91766e-06  39.5264
6.81736e-06  39.5264
6.71851e-06  39.5264
6.62109e-06  39.5264
6.52508e-06  39.5264
6.43047e-06  39.5264
6.33723e-06  39.5264
6.24534e-06  39.5264
6.15478e-06  39.5264
6.06554e-06  39.5264
5.97759e-06  39.5264
5.89091e-06  39.5264
5.80549e-06  39.5264
5.72132e-06  39.5264
5.63836e-06  39.5264
5.5566e-06  39.5264
5.47603e-06  39.5264
5.39663e-06  39.5264
5.31838e-06  39.5264
5.24126e-06  39.5264
5.16526e-06  39.5264
5.09037e-06  39.5264
5.01656e-06  39.5264
4.94382e-06  39.5264
4.87213e-06  39.5264
4.80149e-06  39.5264
4.73186e-06  39.5264
4.66325e-06  39.5264
4.59564e-06  39.5264
4.529e-06  39.5264
4.46333e-06  39.5264
4.39861e-06  39.5264
4.33483e-06  39.5264
4.27198e-06  39.5264
4.21003e-06  39.5264
4.14899e-06  39.5264
4.08883e-06  39.5264
4.02954e-06  39.5264
3.97111e-06  39.5264
3.91353e-06  39.5264
3.85678e-06  39.5264
3.80086e-06  39.5264
3.74575e-06  39.5264
3.69144e-06  39.5264
3.63791e-06  39.5264
3.58516e-06  39.5264
3.53318e-06  39.5264
3.48194e-06  39.5264
3.43146e-06  39.5264
3.3817e-06  39.5264
3.33267e-06  39.5264
3.28434e-06  39.5264
3.23672e-06  39.5264
3.18979e-06  39.5264
3.14354e-06  39.5264
3.09795e-06  39.5264
3.05303e-06  39.5264
3.00877e-06  39.5264
2.96514e-06  39.5264
2.92214e-06  39.5264
2.87977e-06  39.5264
2.83802e-06  39.5264
2.79687e-06  39.5264
2.75631e-06  39.5264
2.71634e-06  39.5264
2.67696e-06  39.5264
2.63814e-06  39.5264
2.59989e-06  39.5264
2.56219e-06  39.5264
2.52504e-06  39.5264
2.48843e-06  39.5264
2.45234e-06  39.5264
2.41678e-06  39.5264
2.38174e-06  39.5264
2.34721e-06  39.5264
2.31317e-06  39.5264
2.27963e-06  39.5264
2.24658e-06  39.5264
2.214e-06  39.5264
2.1819e-06  39.5264
2.15026e-06  39.5264
2.11908e-06  39.5264
2.08836e-06  39.5264
2.05807e-06  39.5264
2.02823e-06  39.5264
1.99882e-06  39.5264
1.96984e-06  39.5264
1.94128e-06  39.5264
1.91313e-06  39.5264
1.88539e-06  39.5264
1.85805e-06  39.5264
1.83111e-06  39.5264
1.80456e-06  39.5264
1.77839e-06  39.5264
1.75261e-06  39.5264
1.72719e-06  39.5264
1.70215e-06  39.5264
1.67747e-06  39.5264
1.65314e-06  39.5264
1.62917e-06  39.5264
1.60555e-06  39.5264
1.58227e-06  39.5264
1.55933e-06  39.5264
1.53672e-06  39.5264
1.51443e-06  39.5264
1.49248e-06  39.5264
1.47083e-06  39.5264
1.44951e-06  39.5264
1.42849e-06  39.5264
1.40778e-06  39.5264
1.38736e-06  39.5264
1.36725e-06  39.5264
1.34742e-06  39.5264
1.32788e-06  39.5264
1.30863e-06  39.5264
1.28966e-06  39.5264
1.27096e-06  39.5264
1.25253e-06  39.5264
1.23436e-06  39.5264
1.21647e-06  39.5264
1.19883e-06  39.5264
1.18144e-06  39.5264
1.16431e-06  39.5264
1.14743e-06  39.5264
1.13079e-06  39.5264
1.1144e-06  39.5264
1.09824e-06  39.5264
1.08231e-06  39.5264
1.06662e-06  39.5264
1.05115e-06  39.5264
1.03591e-06  39.5264
1.02089e-06  39.5264
1.00609e-06  39.5264
9.91501e-07  39.5264
9.77124e-07  39.5264
9.62956e-07  39.5264
9.48993e-07  39.5264
9.35233e-07  39.5264
9.21672e-07  39.5264
9.08308e-07  39.5264
8.95137e-07  39.5264
8.82158e-07  39.5264
8.69367e-07  39.5264
8.56761e-07  39.5264
8.44338e-07  39.5264
8.32095e-07  39.5264
8.2003e-07  39.5264
8.08139e-07  39.5264
7.96421e-07  39.5264
7.84873e-07  39.5264
7.73493e-07  39.5264
7.62277e-07  39.5264
7.51224e-07  39.5264
7.40331e-07  39.5264
7.29597e-07  39.5264
7.19017e-07  39.5264
7.08592e-07  39.5264
6.98317e-07  39.5263
6.88192e-07  39.5263
6.78213e-07  39.5263
6.68379e-07  39.5263
6.58687e-07  39.5263
6.49136e-07  39.5263
6.39724e-07  39.5263
6.30448e-07  39.5263
6.21306e-07  39.5263
6.12297e-07  39.5263
6.03419e-07  39.5263
5.9467e-07  39.5263
5.86047e-07  39.5263
5.77549e-07  39.5263
5.69175e-07  39.5263
5.60922e-07  39.5263
5.52788e-07  39.5263
5.44773e-07  39.5263
5.36874e-07  39.5263
5.29089e-07  39.5263
5.21417e-07  39.5263
5.13857e-07  39.5263
5.06406e-07  39.5263
4.99063e-07  39.5263
4.91827e-07  39.5263
4.84695e-07  39.5263
4.77667e-07  39.5263
4.70741e-07  39.5263
4.63915e-07  39.5263
4.57189e-07  39.5263
4.50559e-07  39.5263
4.44026e-07  39.5263
4.37588e-07  39.5263
4.31243e-07  39.5263
4.2499e-07  39.5263
4.18828e-07  39.5263
4.12755e-07  39.5263
4.0677e-07  39.5263
4.00871e-07  39.5263
3.95059e-07  39.5263
3.89331e-07  39.5263
3.83685e-07  39.5239
3.78122e-07  39.5239
3.72639e-07  39.5239
3.67236e-07  39.5239
3.61911e-07  39.5239
3.56663e-07  39.5239
3.51492e-07  39.5239
3.46395e-07  39.5239
3.41372e-07  39.5239
3.36422e-07  39.5239
3.31544e-07  39.5239
3.26737e-07  39.5239
3.21999e-07  39.5239
3.1733e-07  39.5239
3.12729e-07  39.5239
3.08194e-07  39.5239
3.03726e-07  39.5239
2.99322e-07  39.5239
2.94981e-07  39.5239
2.90704e-07  39.5239
2.86489e-07  39.5239
2.82335e-07  39.5239
2.78241e-07  39.5239
2.74207e-07  39.5239
2.70231e-07  39.5239
2.66312e-07  39.5239
2.62451e-07  39.5239
2.58645e-07  39.5239
2.54895e-07  39.5239
2.51199e-07  39.5239
2.47557e-07  39.5239
2.43967e-07  39.5239
2.4043e-07  39.5239
2.36943e-07  39.5239
2.33508e-07  39.5239
2.30122e-07  39.5239
2.26785e-07  39.5239
2.23497e-07  39.5239
2.20256e-07  39.5239
2.17062e-07  39.5239
2.13915e-07  39.5239
2.10813e-07  39.5239
2.07756e-07  39.5239
2.04744e-07  39.5239
2.01775e-07  39.5239
1.98849e-07  39.5239
1.95966e-07  39.5239
1.93125e-07  39.5239
1.90324e-07  39.5239
1.87565e-07  39.5239
1.84845e-07  39.5239
1.82165e-07  39.5239
1.79523e-07  39.5237
1.7692e-07  39.5237
1.74355e-07  39.5237
1.71827e-07  39.5237
1.69335e-07  39.5237
1.6688e-07  39.5237
1.6446e-07  39.5237
1.62075e-07  39.5237
1.59725e-07  39.5237
1.57409e-07  39.5237
1.55127e-07  39.5237
1.52878e-07  39.5237
1.50661e-07  39.5237
1.48476e-07  39.5237
1.46323e-07  39.5237
1.44202e-07  39.5237
1.42111e-07  39.5237
1.4005e-07  39.5237
1.38019e-07  39.5237
1.36018e-07  39.5237
1.34046e-07  39.5237
1.32102e-07  39.5237
1.30187e-07  39.5237
1.28299e-07  39.5237
1.26439e-07  39.5237
1.24605e-07  39.5237
1.22799e-07  39.5237
1.21018e-07  39.5237
1.19263e-07  39.5237
1.17534e-07  39.5237
1.1583e-07  39.5237
1.1415e-07  39.5237
1.12495e-07  39.5237
1.10864e-07  39.5237
1.09256e-07  39.5237
1.07672e-07  39.5237
1.06111e-07  39.5237
1.04572e-07  39.5237
1.03056e-07  39.5237
1.01562e-07  39.5237
1.00089e-07  39.5237
9.86378e-08  39.5237
9.72075e-08  39.5237
9.5798e-08  39.5237
9.4409e-08  39.5237
9.304e-08  39.5237
9.1691e-08  39.5237
9.03614e-08  39.5237
8.90512e-08  39.5237
8.776e-08  39.5237
8.64874e-08  39.5237
8.52334e-08  39.5237
8.39975e-08  39.5237
8.27795e-08  39.5237
8.15792e-08  39.5237
8.03963e-08  39.5237
7.92306e-08  39.5237
7.80817e-08  39.5237
7.69496e-08  39.5237
7.58338e-08  39.5237
7.47342e-08  39.5237
7.36506e-08  39.5237
7.25826e-08  39.5237
7.15302e-08  39.5237
7.0493e-08  39.5237
6.94709e-08  39.5237
6.84635e-08  39.5237
6.74708e-08  39.5237
6.64925e-08  39.5237
6.55284e-08  39.5237
6.45782e-08  39.5237
6.36418e-08  39.5237
6.2719e-08  39.5237
6.18096e-08  39.5237
6.09134e-08  39.5237
6.00301e-08  39.5237
5.91597e-08  39.5237
5.83019e-08  39.5237
5.74565e-08  39.5237
5.66234e-08  39.5237
5.58023e-08  39.5237
5.49932e-08  39.5237
5.41958e-08  39.5237
5.341e-08  39.5237
5.26355e-08  39.5237
5.18723e-08  39.5237
5.11202e-08  39.5237
5.03789e-08  39.5237
4.96484e-08  39.5237
4.89285e-08  39.5237
4.82191e-08  39.5237
4.75199e-08  39.5237
4.68309e-08  39.5237
4.61518e-08  39.5237
4.54826e-08  39.5237
4.48231e-08  39.5237
4.41732e-08  39.5237
4.35327e-08  39.5237
4.29015e-08  39.5237
4.22794e-08  39.5237
4.16663e-08  39.5237
4.10622e-08  39.5237
4.04668e-08  39.5237
3.988e-08  39.5237
3.93018e-08  39.5237
3.87319e-08  39.5237
3.81703e-08  39.5237
3.76168e-08  39.5237
3.70714e-08  39.5237
3.65338e-08  39.5237
3.60041e-08  39.5237
3.5482e-08  39.5237
3.49675e-08  39.5237
3.44605e-08  39.5237
3.39608e-08  39.5237
3.34684e-08  39.5237
3.29831e-08  39.5237
3.25049e-08  39.5237
3.20335e-08  39.5237
3.15691e-08  39.5237
3.11113e-08  39.5237
3.06602e-08  39.5237
3.02156e-08  39.5237
2.97775e-08  39.5237
2.93457e-08  39.5237
2.89202e-08  39.5237
2.85009e-08  39.5237
2.80876e-08  39.5237
2.76803e-08  39.5237
2.7279e-08  39.5237
2.68834e-08  39.5237
2.64936e-08  39.5237
2.61095e-08  39.5237
2.57309e-08  39.5237
2.53578e-08  39.5237
2.49901e-08  39.5237
2.46277e-08  39.5237
2.42706e-08  39.5237
2.39187e-08  39.5237
2.35719e-08  39.5237
2.32301e-08  39.5237
2.28933e-08  39.5237
2.25613e-08  39.5237
2.22342e-08  39.5237
2.19118e-08  39.5237
2.15941e-08  39.5237
2.1281e-08  39.5237
2.09724e-08  39.5237
2.06683e-08  39.5237
2.03686e-08  39.5237
2.00732e-08  39.5237
1.97822e-08  39.5237
1.94953e-08  39.5237
1.92127e-08  39.5237
1.89341e-08  39.5237
1.86595e-08  39.5237
1.8389e-08  39.5237
1.81223e-08  39.5237
1.78596e-08  39.5237
1.76006e-08  39.5237
1.73454e-08  39.5237
1.70939e-08  39.5237
1.6846e-08  39.5237
1.66018e-08  39.5237
1.6361e-08  39.5237
1.61238e-08  39.5237
1.589e-08  39.5237
1.56596e-08  39.5237
1.54325e-08  39.5237
1.52088e-08  39.5237
1.49882e-08  39.5237
1.47709e-08  39.5237
1.45567e-08  39.5237
1.43457e-08  39.5237
1.41376e-08  39.5237
1.39327e-08  39.5237
1.37306e-08  39.5237
1.35315e-08  39.5237
1.33353e-08  39.5237
1.3142e-08  39.5237
1.29514e-08  39.5237
1.27636e-08  39.5237
1.25785e-08  39.5237
1.23962e-08  39.5237
1.22164e-08  39.5237
1.20393e-08  39.5237
1.18647e-08  39.5237
1.16927e-08  39.5237
1.15231e-08  39.5237
1.1356e-08  39.5237
1.11914e-08  39.5237
1.10291e-08  39.5237
1.08692e-08  39.5237
1.07116e-08  39.5237
1.05563e-08  39.5237
1.04032e-08  39.5237
1.02524e-08  39.5237
1.01037e-08  39.5237
9.95719e-09  39.5237
9.81281e-09  39.5237
9.67052e-09  39.5237
9.5303e-09  39.5237
9.39211e-09  39.5237
9.25593e-09  39.5237
9.12172e-09  39.5237
8.98945e-09  39.5237
8.85911e-09  39.5237
8.73065e-09  39.5237
8.60406e-09  39.5237
8.4793e-09  39.5237
8.35635e-09  39.5237
8.23518e-09  39.5237
8.11577e-09  39.5237
7.99809e-09  39.5237
7.88212e-09  39.5237
7.76783e-09  39.5237
7.6552e-09  39.5237
7.5442e-09  39.5237
7.4348e-09  39.5237
7.327e-09  39.5237
7.22076e-09  39.5237
7.11606e-09  39.5237
7.01288e-09  39.5237
6.91119e-09  39.5237
6.81098e-09  39.5237
6.71222e-09  39.5237
6.61489e-09  39.5237
6.51898e-09  39.5237
6.42445e-09  39.5237
6.3313e-09  39.5237
6.23949e-09  39.5237
6.14902e-09  39.5237
6.05986e-09  39.5237
5.97199e-09  39.5237
5.8854e-09  39.5237
5.80006e-09  39.5237
5.71596e-09  39.5237
5.63308e-09  39.5237
5.5514e-09  39.5237
5.4709e-09  39.5237
5.39158e-09  39.5237
5.3134e-09  39.5237
5.23635e-09  39.5237
5.16043e-09  39.5237
5.0856e-09  39.5237
5.01186e-09  39.5237
4.93919e-09  39.5237
4.86757e-09  39.5237
4.79699e-09  39.5237
4.72743e-09  39.5237
4.65889e-09  39.5237
4.59133e-09  39.5237
4.52476e-09  39.5237
4.45915e-09  39.5237
4.39449e-09  39.5237
4.33077e-09  39.5237
4.26798e-09  39.5237
4.20609e-09  39.5237
4.1451e-09  39.5237
4.085e-09  39.5237
4.02577e-09  39.5237
3.96739e-09  39.5237
3.90987e-09  39.5237
3.85317e-09  39.5237
3.7973e-09  39.5237
3.74224e-09  39.5237
3.68798e-09  39.5237
3.6345e-09  39.5237
3.5818e-09  39.5237
3.52987e-09  39.5237
3.47868e-09  39.5237
3.42824e-09  39.5237
3.37853e-09  39.5237
3.32955e-09  39.5237
3.28127e-09  39.5237
3.23369e-09  39.5237
3.1868e-09  39.5237
3.14059e-09  39.5237
3.09505e-09  39.5237
3.05018e-09  39.5237
3.00595e-09  39.5237
2.96236e-09  39.5237
2.91941e-09  39.5237
2.87708e-09  39.5237
2.83536e-09  39.5237
2.79425e-09  39.5237
2.75373e-09  39.5237
2.7138e-09  39.5237
2.67445e-09  39.5237
2.63567e-09  39.5237
2.59745e-09  39.5237
2.55979e-09  39.5237
2.52267e-09  39.5237
2.4861e-09  39.5237
2.45005e-09  39.5237
2.41452e-09  39.5237
2.37951e-09  39.5237
2.34501e-09  39.5237
2.31101e-09  39.5237
2.2775e-09  39.5237
2.24447e-09  39.5237
2.21193e-09  39.5237
2.17986e-09  39.5237
2.14825e-09  39.5237
2.1171e-09  39.5237
2.0864e-09  39.5237
2.05615e-09  39.5237
2.02633e-09  39.5237
1.99695e-09  39.5237
1.968e-09  39.5237
1.93946e-09  39.5237
1.91134e-09  39.5237
1.88362e-09  39.5237
1.85631e-09  39.5237
1.82939e-09  39.5237
1.80287e-09  39.5237
1.77673e-09  39.5237
1.75096e-09  39.5237
1.72558e-09  39.5237
1.70055e-09  39.5237
1.6759e-09  39.5237
1.6516e-09  39.5237
1.62765e-09  39.5237
1.60405e-09  39.5237
1.58079e-09  39.5237
1.55787e-09  39.5237
1.53528e-09  39.5237
1.51302e-09  39.5237
1.49108e-09  39.5237
1.46946e-09  39.5237
1.44815e-09  39.5237
1.42715e-09  39.5237
1.40646e-09  39.5237
1.38607e-09  39.5237
1.36597e-09  39.5237
1.34616e-09  39.5237
1.32664e-09  39.5237
1.30741e-09  39.5237
1.28845e-09  39.5237
1.26977e-09  39.5237
1.25135e-09  39.5237
1.23321e-09  39.5237
1.21533e-09  39.5237
1.19771e-09  39.5237
1.18034e-09  39.5237
1.16322e-09  39.5237
1.14636e-09  39.5237
1.12974e-09  39.5237
1.11335e-09  39.5237
1.09721e-09  39.5237
1.0813e-09  39.5237
1.06562e-09  39.5237
1.05017e-09  39.5237
1.03494e-09  39.5237
1.01994e-09  39.5237
1.00515e-09  39.5237
9.90573e-10  39.5237
9.7621e-10  39.5237
9.62055e-10  39.5237
9.48105e-10  39.5237
9.34358e-10  39.5237
9.20809e-10  39.5237
9.07458e-10  39.5237
8.943e-10  39.5237
8.81332e-10  39.5237
8.68553e-10  39.5237
8.55959e-10  39.5237
8.43548e-10  39.5237
8.31316e-10  39.5237
8.19262e-10  39.5237
8.07383e-10  39.5237
7.95676e-10  39.5237
7.84139e-10  39.5237
7.72769e-10  39.5237
7.61564e-10  39.5237
7.50521e-10  39.5237
7.39638e-10  39.5237
7.28914e-10  39.5237
7.18344e-10  39.5237
7.07928e-10  39.5237
6.97664e-10  39.5237
6.87547e-10  39.5237
6.77578e-10  39.5237
6.67753e-10  39.5237
6.58071e-10  39.5237
6.48529e-10  39.5237
6.39125e-10  39.5237
6.29858e-10  39.5237
6.20725e-10  39.5237
6.11724e-10  39.5237
6.02854e-10  39.5237
5.94113e-10  39.5237
5.85499e-10  39.5237
5.77009e-10  39.5237
5.68642e-10  39.5237
5.60397e-10  39.5237
5.52271e-10  39.5237
5.44263e-10  39.5237
5.36372e-10  39.5237
5.28594e-10  39.5237
5.2093e-10  39.5237
5.13376e-10  39.5237
5.05932e-10  39.5237
4.98596e-10  39.5237
4.91367e-10  39.5237
4.84242e-10  39.5237
4.7722e-10  39.5237
4.70301e-10  39.5237
4.63481e-10  39.5237
4.56761e-10  39.5237
4.50138e-10  39.5237
4.43611e-10  39.5237
4.37178e-10  39.5237
4.30839e-10  39.5237
4.24592e-10  39.5237
4.18436e-10  39.5237
4.12368e-10  39.5237
4.06389e-10  39.5237
4.00496e-10  39.5237
3.94689e-10  39.5237
3.88966e-10  39.5237
3.83326e-10  39.5237
3.77768e-10  39.5237
3.7229e-10  39.5237
3.66892e-10  39.5237
3.61572e-10  39.5237
3.56329e-10  39.5237
3.51163e-10  39.5237
3.46071e-10  39.5237
3.41053e-10  39.5237
3.36108e-10  39.5237
3.31234e-10  39.5237
3.26431e-10  39.5237
3.21698e-10  39.5237
3.17033e-10  39.5237
3.12436e-10  39.5237
3.07906e-10  39.5237
3.03441e-10  39.5237
2.99042e-10  39.5237
2.94705e-10  39.5237
2.90432e-10  39.5237
2.86221e-10  39.5237
2.82071e-10  39.5237
2.77981e-10  39.5237
2.7395e-10  39.5237
2.69978e-10  39.5237
2.66063e-10  39.5237
2.62205e-10  39.5237
2.58403e-10  39.5237
2.54656e-10  39.5237
2.50964e-10  39.5237
2.47325e-10  39.5237
2.43739e-10  39.5237
2.40204e-10  39.5237
2.36722e-10  39.5237
2.33289e-10  39.5237
2.29906e-10  39.5237
2.26573e-10  39.5237
2.23287e-10  39.5237
2.2005e-10  39.5237
2.16859e-10  39.5237
2.13715e-10  39.5237
2.10616e-10  39.5237
2.07562e-10  39.5237
2.04552e-10  39.5237
2.01586e-10  39.5237
1.98663e-10  39.5237
1.95783e-10  39.5237
1.92944e-10  39.5237
1.90146e-10  39.5237
1.87389e-10  39.5237
1.84672e-10  39.5237
1.81994e-10  39.5237
1.79355e-10  39.5237
1.76755e-10  39.5237
1.74192e-10  39.5237
1.71666e-10  39.5237
1.69177e-10  39.5237
1.66724e-10  39.5237
1.64306e-10  39.5237
1.61924e-10  39.5237
1.59576e-10  39.5237
1.57262e-10  39.5237
1.54982e-10  39.5237
1.52735e-10  39.5237
1.5052e-10  39.5237
1.48337e-10  39.5237
1.46186e-10  39.5237
1.44067e-10  39.5237
1.41978e-10  39.5237
1.39919e-10  39.5237
1.3789e-10  39.5237
1.35891e-10  39.5237
1.3392e-10  39.5237
1.31979e-10  39.5237
1.30065e-10  39.5237
1.28179e-10  39.5237
1.2632e-10  39.5237
1.24489e-10  39.5237
1.22684e-10  39.5237
1.20905e-10  39.5237
1.19152e-10  39.5237
1.17424e-10  39.5237
1.15721e-10  39.5237
1.14043e-10  39.5237
1.1239e-10  39.5237
1.1076e-10  39.5237
1.09154e-10  39.5237
1.07571e-10  39.5237
1.06012e-10  39.5237
1.04474e-10  39.5237
1.0296e-10  39.5237
1.01467e-10  39.5237
9.99954e-11  39.5237
