(root)_glue_logic   145.298   420   0.001   0.001
i_ibex/cs_registers_i   0   420   277.394   226.38
i_ibex/ex_block_i   0   0   145.298   420
i_ibex/id_stage_i   277.394   420   184.44   115.906
i_ibex/if_stage_i   461.833   420   187.607   226.38
i_ibex/load_store_unit_i   277.394   535.906   184.44   110.474
i_ibex/wb_i   277.394   535.905   0.001   0.001
(i_ibex)_glue_logic   277.394   535.904   0.001   0.001
i_ibex/register_file_i   145.298   0   414.64   420
T0   -25.44   673.54   233.333   0
T1   207.893   673.54   233.333   0
T2   441.226   673.54   233.333   0
B2   -25.439   -26.46   233.333   0
