420.594  233.374
414.522  160.36
408.538  314.735
402.64  193.215
396.828  177.204
391.099  201.681
385.454  232.997
379.889  239.641
374.405  180.427
369  190.48
363.674  113.355
358.424  252.286
353.25  210.362
348.15  225.3
343.124  325.321
338.171  171.773
333.289  266.613
328.478  233.949
323.736  218.008
319.063  125.882
314.457  176.04
309.917  182.431
305.443  175.801
301.034  310.042
296.688  189.709
292.405  266.613
288.184  219.847
284.024  255.653
279.924  243.531
275.883  125.83
271.9  222.736
267.975  143.77
264.107  233.219
260.294  408.29
256.537  140.162
252.833  251.96
249.184  243.355
245.586  281.242
242.041  166.805
238.547  255.641
235.104  219.847
231.71  234.984
228.365  255.441
225.068  200.02
221.819  263.014
218.617  280.299
215.461  136.396
212.351  220.934
209.285  229.76
206.264  166.598
203.286  181.808
200.352  220.839
197.459  174.246
194.609  238.904
191.8  226.268
189.031  207.466
186.302  171.329
183.613  309.783
180.962  244.422
178.35  172.598
175.775  163.255
173.238  177.856
170.737  371.59
168.272  219.847
165.843  186.471
163.449  147.428
161.089  230.901
158.764  198.066
156.472  165.316
154.213  125.83
151.987  219.847
149.793  313.444
147.631  189.43
145.499  245.956
143.399  171.773
141.329  312.264
139.289  183.015
137.278  220.31
135.296  187.282
133.343  158.061
131.418  342.886
129.521  163.734
127.651  245.956
125.809  160.443
123.992  177.203
122.202  165.737
120.438  167.043
118.7  228.412
116.986  116.773
115.297  255.153
113.633  259.706
111.993  171.773
110.376  137.75
108.783  161.69
107.212  160.443
105.665  134.65
104.139  140.388
102.636  228.066
101.154  235.302
99.6939  180.614
98.2548  255.109
96.8364  129.868
95.4385  180.614
94.0607  218.361
92.7029  353.434
91.3647  266.613
90.0457  168.394
88.7459  255.641
87.4647  187.282
86.2021  218.361
84.9577  224.99
83.7313  219.406
82.5225  136.277
81.3313  235.126
80.1572  251.877
79  171.266
77.8596  255.4
76.7356  191.484
75.6279  191.026
74.5361  239.71
73.4602  172.291
72.3997  120.399
71.3545  125.83
70.3245  254.407
69.3093  222.33
68.3088  249.073
67.3227  130.724
66.3508  154.498
65.393  267.322
64.449  88.3222
63.5186  150.28
62.6017  180.058
61.698  182.816
60.8073  127.6
59.9295  180.614
59.0644  227.066
58.2117  144.44
57.3714  180.614
56.5432  87.8027
55.7269  250.566
54.9225  167.978
54.1296  187.282
53.3482  281.972
52.5781  137.002
51.8191  176.688
51.071  164.599
50.3338  179.724
49.6072  172.459
48.891  255.641
48.1853  160.443
47.4897  112.793
46.8041  165.628
46.1285  187.282
45.4626  165.009
44.8063  206.312
44.1595  193.215
43.522  165.565
42.8937  389.922
42.2745  125.83
41.6642  191.071
41.0628  154.401
40.47  165.675
39.8858  204.706
39.31  131.536
38.7425  173.565
38.1832  85.7051
37.632  140.388
37.0888  176.145
36.5534  269.109
36.0257  165.675
35.5056  111.711
34.9931  133.636
34.4879  195.288
33.9901  233.219
33.4994  197.336
33.0158  185.076
32.5392  123.602
32.0695  199.957
31.6065  125.369
31.1502  153.592
30.7006  137.418
30.2574  120.993
29.8206  125.83
29.3901  137.531
28.9658  120.399
28.5477  119.068
28.1356  172.459
27.7294  86.8553
27.3291  105.407
26.9346  163.027
26.5458  132.504
26.1626  164.009
25.7849  125.83
25.4127  182.518
25.0458  152.912
24.6842  125.83
24.3279  153.156
23.9767  186.34
23.6306  123.135
23.2895  181.755
22.9533  134.394
22.6219  125.83
22.2953  126.401
21.9735  90.1532
21.6563  146.309
21.3437  158.347
21.0355  125.83
20.7319  114.378
20.4326  89.9106
20.1376  143.023
19.8469  145.466
19.5604  125.83
19.2781  133.538
18.9998  119.797
18.7255  104.218
18.4552  106.786
18.1888  161.489
17.9262  106.395
17.6674  137.726
17.4124  140.003
17.161  104.572
16.9133  120.388
16.6691  119.55
16.4285  90.6298
16.1913  132.838
15.9576  111.601
15.7272  117.36
15.5002  84.6591
15.2764  104.559
15.0559  125.83
14.8386  87.2748
14.6243  111.864
14.4132  115.945
14.2052  124.31
14.0001  172.459
13.798  88.9189
13.5988  120.399
13.4025  147.192
13.209  106.364
13.0183  129.722
12.8304  134.482
12.6452  125.83
12.4627  125.83
12.2827  135.362
12.1054  126.313
11.9307  137.454
11.7585  131.814
11.5887  106.731
11.4214  88.4481
11.2565  108.967
11.094  84.4661
10.9339  104.566
10.776  114.352
10.6205  102.089
10.4672  90.5528
10.3161  87.998
10.1671  90.5073
10.0204  90.3941
9.87573  92.3231
9.73316  143.629
9.59266  86.3892
9.45418  96.9932
9.3177  139.195
9.18319  109.954
9.05062  98.2144
8.91997  101.017
8.7912  84.964
8.66429  83.9891
8.53922  112.184
8.41595  118.791
8.29446  88.9907
8.17472  84.1187
8.05671  85.4987
7.9404  105.795
7.82578  86.5627
7.71281  105.734
7.60147  107.183
7.49173  93.1059
7.38358  105.978
7.27699  105.551
7.17194  86.9306
7.06841  86.9306
6.96637  119.664
6.86581  92.2588
6.76669  84.2877
6.66901  87.1242
6.57274  87.4344
6.47786  92.7631
6.38434  83.8944
6.29218  83.8944
6.20135  93.1077
6.11183  98.405
6.0236  87.6833
5.93664  86.0252
5.85094  87.4417
5.76648  90.073
5.68323  84.8008
5.60119  90.6174
5.52033  85.2438
5.44064  85.2438
5.3621  84.7027
5.2847  84.7027
5.20841  84.7027
5.13322  87.6092
5.05912  91.4719
4.98608  86.2491
4.91411  86.2491
4.84317  86.2491
4.77325  85.2964
4.70435  85.2964
4.63644  83.9292
4.5695  83.9292
4.50354  84.0093
4.43853  84.2003
4.37445  84.2502
4.3113  84.2502
4.24907  92.2318
4.18773  90.136
4.12727  84.6578
4.06769  84.863
4.00897  86.8688
3.9511  93.4476
3.89406  87.648
3.83785  84.1127
3.78245  83.911
3.72784  87.6745
3.67403  87.4038
3.62099  97.6845
3.56872  93.2803
3.5172  84.7832
3.46643  84.7832
3.41639  84.7832
3.36707  87.4419
3.31846  87.4419
3.27056  87.4419
3.22335  87.4419
3.17681  99.7926
3.13095  86.5358
3.08576  86.5358
3.04121  84.7882
2.99731  84.7882
2.95404  87.2037
2.9114  87.2037
2.86937  84.936
2.82794  84.936
2.78712  84.936
2.74689  84.936
2.70723  84.936
2.66815  84.936
2.62964  84.936
2.59167  88.647
2.55426  86.2333
2.51739  84.2072
2.48105  84.0247
2.44523  87.0871
2.40993  86.6553
2.37514  84.5022
2.34086  84.5022
2.30706  84.5022
2.27376  84.5022
2.24094  84.5022
2.20859  84.3554
2.1767  84.3554
2.14528  84.3554
2.11431  85.1922
2.08379  85.1922
2.05371  85.1922
2.02406  85.5798
1.99484  84.4983
1.96605  84.4983
1.93766  84.4983
1.90969  84.4983
1.88212  84.4983
1.85495  84.4983
1.82818  84.4983
1.80179  84.4983
1.77578  84.4983
1.75014  84.4617
1.72488  84.9436
1.69998  84.9436
1.67544  84.9436
1.65125  86.998
1.62741  86.998
1.60392  86.998
1.58076  86.2709
1.55795  86.2709
1.53545  86.2709
1.51329  85.9006
1.49144  85.9006
1.46991  87.7317
1.44869  87.7317
1.42778  86.5361
1.40717  86.5361
1.38686  86.4748
1.36684  86.4748
1.3471  84.3564
1.32766  84.3564
1.30849  84.3564
1.2896  85.116
1.27099  85.116
1.25264  85.116
1.23456  88.4254
1.21673  88.4254
1.19917  88.4254
1.18186  86.0993
1.1648  86.0993
1.14798  84.9654
1.13141  84.9654
1.11508  84.9654
1.09898  84.9654
1.08312  84.9654
1.06748  84.9654
1.05207  84.9654
1.03688  84.9654
1.02191  84.9654
1.00716  84.9654
0.992623  84.9654
0.978294  84.9654
0.964171  84.9654
0.950253  84.9654
0.936535  84.9654
0.923015  84.9654
0.909691  84.9654
0.896559  84.9654
0.883616  84.9654
0.87086  84.8934
0.858289  84.737
0.845899  84.737
0.833687  84.737
0.821652  84.737
0.809791  84.737
0.798101  84.737
0.78658  84.4395
0.775225  84.4395
0.764034  84.4395
0.753004  84.4395
0.742134  84.4395
0.731421  84.4395
0.720862  83.8897
0.710456  83.9035
0.7002  83.9035
0.690092  83.9035
0.68013  83.9035
0.670312  83.9035
0.660635  83.9035
0.651098  83.9035
0.641699  83.9035
0.632436  83.9035
0.623306  83.9035
0.614308  83.9035
0.60544  83.9035
0.5967  84.2791
0.588086  84.2791
0.579597  84.2791
0.57123  84.2791
0.562984  84.2791
0.554856  84.2791
0.546847  85.6421
0.538952  85.6421
0.531172  85.6421
0.523504  85.0934
0.515947  85.0934
0.508499  85.0934
0.501158  85.0934
0.493924  85.0934
0.486794  85.0934
0.479766  85.0934
0.47284  85.0934
0.466015  85.0934
0.459287  85.0934
0.452657  85.0934
0.446123  85.0934
0.439682  84.1236
0.433335  84.1236
0.42708  84.1236
0.420914  84.1236
0.414838  84.1236
0.40885  84.1236
0.402948  84.1236
0.397131  84.1236
0.391398  84.1236
0.385748  84.1236
0.380179  84.1236
0.374691  84.1236
0.369282  84.1236
0.363951  84.1236
0.358697  84.1236
0.353519  84.1236
0.348416  84.1236
0.343386  84.1236
0.338429  84.1236
0.333543  84.1236
0.328728  84.1236
0.323983  84.1236
0.319306  84.1236
0.314697  84.2475
0.310154  84.2475
0.305676  84.0688
0.301264  84.0688
0.296915  84.0688
0.292628  84.0173
0.288404  84.0173
0.284241  84.0173
0.280138  84.0173
0.276093  84.0173
0.272108  84.0173
0.26818  84.0173
0.264308  84.0173
0.260493  84.0173
0.256732  84.0173
0.253026  84.0173
0.249374  84.0173
0.245774  84.0173
0.242226  84.0173
0.238729  84.0173
0.235283  84.0173
0.231886  84.0173
0.228539  84.0173
0.22524  84.0398
0.221988  84.0398
0.218784  84.0398
0.215625  84.0398
0.212512  84.0398
0.209445  84.0398
0.206421  84.0398
0.203441  84.0398
0.200504  84.0398
0.19761  84.0398
0.194757  84.0398
0.191946  84.0398
0.189175  84.0398
0.186444  84.0398
0.183753  84.0398
0.1811  84.0398
0.178486  84.0398
0.175909  84.0398
0.17337  84.0398
0.170867  84.0398
0.1684  84.0398
0.165969  84.0398
0.163573  84.0398
0.161212  84.0398
0.158885  84.0398
0.156591  84.0398
0.154331  84.0398
0.152103  84.0398
0.149907  84.0398
0.147743  84.0398
0.14561  84.0398
0.143508  84.0398
0.141437  84.0398
0.139395  84.0258
0.137383  84.0258
0.135399  84.0258
0.133445  84.0258
0.131518  84.0258
0.12962  84.0258
0.127749  84.0258
0.125904  84.0258
0.124087  84.0258
0.122296  84.0258
0.12053  84.0258
0.11879  84.0258
0.117075  84.0258
0.115385  84.0258
0.11372  84.0258
0.112078  84.0258
0.11046  84.0258
0.108866  84.0258
0.107294  84.0258
0.105745  84.0258
0.104219  84.0258
0.102714  84.0258
0.101231  84.0258
0.0997699  84.1789
0.0983297  84.1789
0.0969102  84.1789
0.0955112  84.1789
0.0941324  84.1789
0.0927736  84.1789
0.0914343  84.1789
0.0901144  84.1789
0.0888135  84.1789
0.0875314  84.1789
0.0862678  83.9525
0.0850225  83.9525
0.0837951  83.9525
0.0825854  83.9525
0.0813932  83.9525
0.0802183  83.9525
0.0790602  83.9525
0.0779189  83.9525
0.0767941  83.9525
0.0756855  83.9525
0.074593  83.9525
0.0735161  83.9525
0.0724549  83.9525
0.0714089  83.9525
0.0703781  83.9525
0.0693621  83.9525
0.0683608  83.9525
0.067374  83.9525
0.0664014  83.9525
0.0654428  83.9525
0.0644981  83.9525
0.063567  83.9525
0.0626494  83.9525
0.061745  83.9525
0.0608536  83.9525
0.0599752  83.9525
0.0591094  83.9525
0.0582561  83.9525
0.0574151  83.9525
0.0565863  83.9525
0.0557694  83.9525
0.0549643  83.9206
0.0541709  83.9206
0.0533889  83.9206
0.0526181  83.9206
0.0518586  83.9206
0.0511099  83.9206
0.0503721  83.9206
0.049645  83.9206
0.0489283  83.9206
0.048222  83.9206
0.0475258  83.9206
0.0468398  83.9206
0.0461636  83.9206
0.0454972  83.9206
0.0448404  83.9206
0.0441931  83.9206
0.0435551  83.9206
0.0429264  83.9206
0.0423067  83.9206
0.041696  83.9206
0.041094  83.9206
0.0405008  83.9206
0.0399162  83.9206
0.0393399  83.9206
0.038772  83.9206
0.0382123  83.9206
0.0376607  83.9206
0.037117  83.9206
0.0365812  83.9206
0.0360531  83.9206
0.0355327  83.9206
0.0350197  83.9206
0.0345142  83.9206
0.034016  83.9206
0.0335249  83.9206
0.0330409  83.9206
0.032564  83.9206
0.0320939  83.9206
0.0316306  83.9206
0.031174  83.9206
0.0307239  83.9206
0.0302804  83.9206
0.0298433  83.9206
0.0294125  83.9206
0.0289879  83.9206
0.0285694  83.9206
0.028157  83.9206
0.0277505  83.9206
0.0273499  83.9206
0.0269551  83.9206
0.026566  83.9206
0.0261825  83.9206
0.0258045  83.9206
0.025432  83.9073
0.0250649  83.9073
0.024703  83.9073
0.0243464  83.9073
0.023995  83.9073
0.0236486  83.9073
0.0233072  83.9073
0.0229707  83.9073
0.0226391  83.9073
0.0223123  83.9073
0.0219902  83.9073
0.0216728  83.9073
0.0213599  83.9073
0.0210516  83.9073
0.0207477  83.9073
0.0204482  83.9073
0.020153  83.8905
0.0198621  83.8905
0.0195753  83.8905
0.0192927  83.8905
0.0190142  83.8905
0.0187398  83.8905
0.0184692  83.8905
0.0182026  83.8905
0.0179398  83.8905
0.0176809  83.8905
0.0174256  83.8905
0.0171741  83.8905
0.0169262  83.8905
0.0166818  83.8905
0.016441  83.8905
0.0162037  83.8905
0.0159697  83.8905
0.0157392  83.8905
0.015512  83.8905
0.0152881  83.8905
0.0150674  83.8905
0.0148499  83.8905
0.0146355  83.8905
0.0144242  83.8905
0.014216  83.8905
0.0140108  83.8905
0.0138085  83.8905
0.0136092  83.8905
0.0134127  83.8905
0.0132191  83.8905
0.0130283  83.8905
0.0128402  83.8905
0.0126548  83.8905
0.0124721  83.8905
0.0122921  83.8905
0.0121147  83.8905
0.0119398  83.8905
0.0117674  83.8905
0.0115975  83.8905
0.0114301  83.8905
0.0112651  83.8905
0.0111025  83.8905
0.0109422  83.8905
0.0107843  83.8905
0.0106286  83.8905
0.0104751  83.8905
0.0103239  83.8905
0.0101749  83.8905
0.010028  83.8905
0.00988325  83.8905
0.00974058  83.8905
0.00959997  83.8905
0.00946138  83.8905
0.0093248  83.8905
0.00919019  83.8905
0.00905752  83.8905
0.00892677  83.8905
0.0087979  83.8905
0.0086709  83.8905
0.00854572  83.8905
0.00842236  83.8905
0.00830077  83.8905
0.00818095  83.8905
0.00806285  83.8905
0.00794645  83.8905
0.00783174  83.8905
0.00771868  83.8905
0.00760726  83.8905
0.00749744  83.8905
0.00738921  83.8905
0.00728254  83.8905
0.00717741  83.8905
0.0070738  83.8905
0.00697168  83.8905
0.00687104  83.8905
0.00677185  83.8905
0.00667409  83.8905
0.00657775  83.8905
0.00648279  83.8905
0.00638921  83.8905
0.00629697  83.8905
0.00620607  83.8905
0.00611648  83.8905
0.00602818  83.8905
0.00594116  83.8905
0.0058554  83.8905
0.00577087  83.8905
0.00568756  83.8905
0.00560546  83.8905
0.00552454  83.8905
0.00544479  83.8905
0.00536619  83.8905
0.00528872  83.8905
0.00521237  83.8905
0.00513713  83.8905
0.00506297  83.8905
0.00498988  83.8905
0.00491785  83.8905
0.00484686  83.8905
0.00477689  83.8905
0.00470793  83.8905
0.00463997  83.8905
0.00457298  83.8905
0.00450697  83.8905
0.00444191  83.8905
0.00437779  83.8905
0.00431459  83.8905
0.0042523  83.8905
0.00419092  83.8905
0.00413042  83.8905
0.00407079  83.8905
0.00401203  83.8905
0.00395411  83.8905
0.00389703  83.8905
0.00384077  83.8905
0.00378533  83.8905
0.00373068  83.8905
0.00367683  83.8905
0.00362375  83.8905
0.00357144  83.8905
0.00351988  83.8905
0.00346907  83.8905
0.00341899  83.8905
0.00336963  83.8905
0.00332099  83.8905
0.00327305  83.8905
0.0032258  83.8905
0.00317923  83.8905
0.00313334  83.8905
0.00308811  83.8905
0.00304353  83.8905
0.00299959  83.8905
0.00295629  83.8905
0.00291361  83.8905
0.00287155  83.8905
0.0028301  83.8905
0.00278925  83.8905
0.00274898  83.8905
0.0027093  83.8905
0.00267019  83.8905
0.00263164  83.8905
0.00259365  83.8905
0.00255621  83.8905
0.00251931  83.8905
0.00248294  83.8905
0.0024471  83.8905
0.00241177  83.8905
0.00237695  83.8905
0.00234264  83.8905
0.00230882  83.8905
0.00227549  83.8905
0.00224264  83.8905
0.00221027  83.8905
0.00217836  83.8905
0.00214692  83.8905
0.00211592  83.8905
0.00208538  83.8905
0.00205527  83.8905
0.0020256  83.8905
0.00199636  83.8905
0.00196754  83.8905
0.00193914  83.8905
0.00191115  83.8905
0.00188356  83.8905
0.00185637  83.8905
0.00182957  83.8905
0.00180316  83.8905
0.00177713  83.8905
0.00175147  83.8905
0.00172619  83.8905
0.00170127  83.8905
0.00167671  83.8905
0.00165251  83.8905
0.00162865  83.8905
0.00160514  83.8905
0.00158197  83.8905
0.00155913  83.8905
0.00153663  83.8905
0.00151444  83.8905
0.00149258  83.8905
0.00147103  83.8905
0.0014498  83.8905
0.00142887  83.8905
0.00140824  83.8905
0.00138791  83.8905
0.00136788  83.8905
0.00134813  83.8905
0.00132867  83.8905
0.00130949  83.8905
0.00129059  83.8905
0.00127196  83.8905
0.00125359  83.8905
0.0012355  83.8905
0.00121766  83.8905
0.00120008  83.8905
0.00118276  83.8905
0.00116569  83.8905
0.00114886  83.8905
0.00113227  83.8905
0.00111593  83.8905
0.00109982  83.8905
0.00108394  83.8905
0.00106829  83.8905
0.00105287  83.8905
0.00103767  83.8905
0.00102269  83.8905
0.00100793  83.8905
0.00099338  83.8905
0.000979039  83.8905
0.000964906  83.8905
0.000950977  83.8905
0.000937249  83.8905
0.000923719  83.8905
0.000910384  83.8905
0.000897242  83.8905
0.00088429  83.8905
0.000871524  83.8905
0.000858943  83.8905
0.000846543  83.8905
0.000834323  83.8905
0.000822279  83.8905
0.000810408  83.8905
0.000798709  83.8905
0.000787179  83.8905
0.000775816  83.8905
0.000764616  83.8905
0.000753578  83.8905
0.0007427  83.8905
0.000731978  83.8905
0.000721412  83.8905
0.000710997  83.8905
0.000700734  83.8905
0.000690618  83.8905
0.000680648  83.8905
0.000670823  83.8905
0.000661139  83.8905
0.000651595  83.8905
0.000642188  83.8905
0.000632918  83.8905
0.000623781  83.8905
0.000614776  83.8905
0.000605902  83.8905
0.000597155  83.8905
0.000588534  83.8905
0.000580038  83.8905
0.000571665  83.8905
0.000563413  83.8905
0.000555279  83.8905
0.000547263  83.8905
0.000539363  83.8905
0.000531577  83.8905
0.000523903  83.8905
0.00051634  83.8905
0.000508887  83.8905
0.00050154  83.8905
0.0004943  83.8905
0.000487165  83.8905
0.000480132  83.8905
0.000473201  83.8905
0.00046637  83.8905
0.000459637  83.8905
0.000453002  83.8905
0.000446463  83.8905
0.000440018  83.8905
0.000433666  83.8905
0.000427405  83.8905
0.000421235  83.8905
0.000415154  83.8905
0.000409161  83.8905
0.000403255  83.8905
0.000397433  83.8905
0.000391696  83.8905
0.000386042  83.8905
0.000380469  83.8905
0.000374976  83.8905
0.000369563  83.8905
0.000364228  83.8905
0.00035897  83.8905
0.000353788  83.8905
0.000348681  83.8905
0.000343648  83.8905
0.000338687  83.8905
0.000333798  83.8905
0.000328979  83.8905
0.00032423  83.8905
0.000319549  83.8905
0.000314936  83.8905
0.00031039  83.8905
0.000305909  83.8905
0.000301493  83.8905
0.000297141  83.8905
0.000292852  83.8905
0.000288624  83.8905
0.000284457  83.8905
0.000280351  83.8905
0.000276304  83.8905
0.000272315  83.8905
0.000268384  83.8905
0.00026451  83.8905
0.000260691  83.8905
0.000256928  83.8905
0.000253219  83.8905
0.000249564  83.8905
0.000245961  83.8905
0.00024241  83.8905
0.000238911  83.8905
0.000235462  83.8905
0.000232063  83.8905
0.000228713  83.8905
0.000225411  83.8905
0.000222157  83.8905
0.00021895  83.8905
0.00021579  83.8905
0.000212675  83.8905
0.000209604  83.8905
0.000206579  83.8905
0.000203596  83.8905
0.000200657  83.8905
0.000197761  83.8905
0.000194906  83.8905
0.000192092  83.8905
0.000189319  83.8905
0.000186586  83.8905
0.000183893  83.8905
0.000181238  83.8905
0.000178622  83.8905
0.000176043  83.8905
0.000173502  83.8905
0.000170997  83.8905
0.000168529  83.8905
0.000166096  83.8905
0.000163698  83.8905
0.000161335  83.8905
0.000159006  83.8905
0.000156711  83.8905
0.000154448  83.8905
0.000152219  83.8905
0.000150021  83.8905
0.000147856  83.8905
0.000145721  83.8905
0.000143618  83.8905
0.000141544  83.8905
0.000139501  83.8905
0.000137487  83.8905
0.000135503  83.8905
0.000133546  83.8905
0.000131619  83.8905
0.000129719  83.8905
0.000127846  83.8905
0.000126  83.8905
0.000124182  83.8905
0.000122389  83.8905
0.000120622  83.8905
0.000118881  83.8905
0.000117165  83.8905
0.000115473  83.8905
0.000113806  83.8905
0.000112163  83.8905
0.000110544  83.8905
0.000108948  83.8905
0.000107376  83.8905
0.000105826  83.8905
0.000104298  83.8905
0.000102792  83.8905
0.000101308  83.8905
9.9846e-05  83.8905
9.84046e-05  83.8905
9.69841e-05  83.8905
9.5584e-05  83.8905
9.42042e-05  83.8905
9.28443e-05  83.8905
9.1504e-05  83.8905
9.0183e-05  83.8905
8.88812e-05  83.8905
8.75981e-05  83.8905
8.63336e-05  83.8905
8.50873e-05  83.8905
8.38589e-05  83.8905
8.26484e-05  83.8905
8.14553e-05  83.8905
8.02794e-05  83.8905
7.91205e-05  83.8905
7.79783e-05  83.8905
7.68526e-05  83.8905
7.57432e-05  83.8905
7.46498e-05  83.8905
7.35722e-05  83.8905
7.25101e-05  83.8905
7.14633e-05  83.8905
7.04317e-05  83.8905
6.9415e-05  83.8905
6.84129e-05  83.8905
6.74253e-05  83.8905
6.6452e-05  83.8905
6.54927e-05  83.8905
6.45472e-05  83.8905
6.36155e-05  83.8905
6.26971e-05  83.8905
6.1792e-05  83.8905
6.09e-05  83.8905
6.00209e-05  83.8905
5.91544e-05  83.8905
5.83005e-05  83.8905
5.74589e-05  83.8905
5.66294e-05  83.8905
5.58119e-05  83.8905
5.50062e-05  83.8905
5.42121e-05  83.8905
5.34295e-05  83.887
5.26582e-05  83.887
5.18981e-05  83.887
5.11489e-05  83.887
5.04105e-05  83.887
4.96828e-05  83.887
4.89656e-05  83.887
4.82587e-05  83.887
4.75621e-05  83.887
4.68755e-05  83.887
4.61988e-05  83.887
4.55319e-05  83.887
4.48746e-05  83.887
4.42268e-05  83.887
4.35883e-05  83.887
4.29591e-05  83.887
4.23389e-05  83.887
4.17277e-05  83.887
4.11254e-05  83.887
4.05317e-05  83.887
3.99466e-05  83.887
3.93699e-05  83.887
3.88016e-05  83.887
3.82414e-05  83.887
3.76894e-05  83.887
3.71453e-05  83.887
3.66091e-05  83.887
3.60806e-05  83.887
3.55598e-05  83.887
3.50464e-05  83.887
3.45405e-05  83.887
3.40419e-05  83.887
3.35505e-05  83.887
3.30661e-05  83.887
3.25888e-05  83.887
3.21184e-05  83.887
3.16547e-05  83.887
3.11977e-05  83.887
3.07474e-05  83.887
3.03035e-05  83.887
2.98661e-05  83.887
2.94349e-05  83.887
2.901e-05  83.887
2.85912e-05  83.887
2.81785e-05  83.887
2.77717e-05  83.887
2.73708e-05  83.887
2.69757e-05  83.887
2.65862e-05  83.887
2.62025e-05  83.887
2.58242e-05  83.887
2.54514e-05  83.887
2.5084e-05  83.887
2.47219e-05  83.887
2.4365e-05  83.887
2.40133e-05  83.887
2.36666e-05  83.887
2.3325e-05  83.887
2.29883e-05  83.887
2.26564e-05  83.887
2.23293e-05  83.887
2.2007e-05  83.887
2.16893e-05  83.887
2.13762e-05  83.887
2.10676e-05  83.887
2.07635e-05  83.887
2.04638e-05  83.887
2.01683e-05  83.887
1.98772e-05  83.887
1.95903e-05  83.887
1.93075e-05  83.887
1.90287e-05  83.887
1.8754e-05  83.887
1.84833e-05  83.887
1.82165e-05  83.887
1.79535e-05  83.887
1.76943e-05  83.887
1.74389e-05  83.887
1.71872e-05  83.887
1.69391e-05  83.887
1.66945e-05  83.887
1.64535e-05  83.887
1.6216e-05  83.887
1.59819e-05  83.887
1.57512e-05  83.887
1.55238e-05  83.887
1.52997e-05  83.887
1.50789e-05  83.887
1.48612e-05  83.887
1.46467e-05  83.887
1.44352e-05  83.887
1.42268e-05  83.887
1.40215e-05  83.887
1.3819e-05  83.887
1.36196e-05  83.887
1.34229e-05  83.887
1.32292e-05  83.887
1.30382e-05  83.887
1.285e-05  83.887
1.26645e-05  83.887
1.24817e-05  83.887
1.23015e-05  83.887
1.21239e-05  83.887
1.19489e-05  83.887
1.17764e-05  83.887
1.16064e-05  83.887
1.14388e-05  83.887
1.12737e-05  83.887
1.1111e-05  83.887
1.09506e-05  83.887
1.07925e-05  83.887
1.06367e-05  83.887
1.04831e-05  83.887
1.03318e-05  83.887
1.01827e-05  83.887
1.00357e-05  83.887
9.89079e-06  83.887
9.74801e-06  83.887
9.60729e-06  83.887
9.4686e-06  83.887
9.33191e-06  83.887
9.1972e-06  83.887
9.06443e-06  83.887
8.93358e-06  83.887
8.80461e-06  83.887
8.67751e-06  83.887
8.55224e-06  83.887
8.42879e-06  83.887
8.30711e-06  83.887
8.18719e-06  83.887
8.069e-06  83.887
7.95252e-06  83.887
7.83772e-06  83.887
7.72457e-06  83.887
7.61306e-06  83.887
7.50316e-06  83.887
7.39485e-06  83.887
7.2881e-06  83.887
7.18289e-06  83.887
7.0792e-06  83.887
6.977e-06  83.887
6.87628e-06  83.887
6.77702e-06  83.887
6.67919e-06  83.887
6.58277e-06  83.887
6.48774e-06  83.887
6.39408e-06  83.887
6.30178e-06  83.887
6.21081e-06  83.887
6.12115e-06  83.887
6.03279e-06  83.887
5.9457e-06  83.887
5.85987e-06  83.887
5.77527e-06  83.887
5.6919e-06  83.887
5.60974e-06  83.887
5.52876e-06  83.887
5.44894e-06  83.887
5.37028e-06  83.887
5.29276e-06  83.887
5.21635e-06  83.887
5.14105e-06  83.887
5.06684e-06  83.887
4.99369e-06  83.887
4.9216e-06  83.887
4.85056e-06  83.887
4.78053e-06  83.887
4.71152e-06  83.887
4.64351e-06  83.887
4.57648e-06  83.887
4.51041e-06  83.887
4.4453e-06  83.887
4.38113e-06  83.887
4.31788e-06  83.887
4.25555e-06  83.887
4.19412e-06  83.887
4.13357e-06  83.887
4.0739e-06  83.887
4.01509e-06  83.887
3.95713e-06  83.887
3.9e-06  83.887
3.8437e-06  83.887
3.78822e-06  83.887
3.73353e-06  83.887
3.67963e-06  83.887
3.62652e-06  83.887
3.57416e-06  83.887
3.52257e-06  83.887
3.47172e-06  83.887
3.4216e-06  83.887
3.37221e-06  83.887
3.32353e-06  83.887
3.27555e-06  83.887
3.22826e-06  83.887
3.18166e-06  83.887
3.13573e-06  83.887
3.09046e-06  83.887
3.04585e-06  83.887
3.00188e-06  83.887
2.95855e-06  83.887
2.91584e-06  83.887
2.87374e-06  83.887
2.83226e-06  83.887
2.79137e-06  83.887
2.75108e-06  83.887
2.71136e-06  83.887
2.67222e-06  83.887
2.63365e-06  83.887
2.59563e-06  83.887
2.55816e-06  83.887
2.52123e-06  83.887
2.48483e-06  83.887
2.44896e-06  83.887
2.41361e-06  83.887
2.37877e-06  83.887
2.34443e-06  83.887
2.31058e-06  83.887
2.27723e-06  83.887
2.24435e-06  83.887
2.21196e-06  83.887
2.18002e-06  83.887
2.14855e-06  83.887
2.11754e-06  83.887
2.08697e-06  83.887
2.05684e-06  83.887
2.02715e-06  83.887
1.99789e-06  83.887
1.96904e-06  83.887
1.94062e-06  83.887
1.91261e-06  83.887
1.885e-06  83.887
1.85778e-06  83.887
1.83097e-06  83.887
1.80453e-06  83.887
1.77848e-06  83.887
1.75281e-06  83.887
1.72751e-06  83.887
1.70257e-06  83.887
1.67799e-06  83.887
1.65377e-06  83.887
1.62989e-06  83.887
1.60637e-06  83.887
1.58318e-06  83.887
1.56032e-06  83.887
1.5378e-06  83.887
1.5156e-06  83.887
1.49372e-06  83.887
1.47216e-06  83.887
1.4509e-06  83.887
1.42996e-06  83.887
1.40932e-06  83.887
1.38897e-06  83.887
1.36892e-06  83.887
1.34916e-06  83.887
1.32968e-06  83.887
1.31049e-06  83.887
1.29157e-06  83.887
1.27292e-06  83.887
1.25455e-06  83.887
1.23644e-06  83.887
1.21859e-06  83.887
1.201e-06  83.887
1.18366e-06  83.887
1.16657e-06  83.887
1.14973e-06  83.887
1.13314e-06  83.887
1.11678e-06  83.887
1.10066e-06  83.887
1.08477e-06  83.887
1.06911e-06  83.887
1.05367e-06  83.887
1.03846e-06  83.887
1.02347e-06  83.887
1.0087e-06  83.887
9.94137e-07  83.887
9.79786e-07  83.887
9.65642e-07  83.887
9.51702e-07  83.887
9.37963e-07  83.887
9.24423e-07  83.887
9.11078e-07  83.887
8.97926e-07  83.887
8.84964e-07  83.887
8.72189e-07  83.887
8.59598e-07  83.887
8.47189e-07  83.887
8.34959e-07  83.887
8.22906e-07  83.887
8.11026e-07  83.887
7.99319e-07  83.887
7.8778e-07  83.887
7.76408e-07  83.887
7.65199e-07  83.887
7.54153e-07  83.887
7.43266e-07  83.887
7.32537e-07  83.887
7.21962e-07  83.887
7.1154e-07  83.887
7.01268e-07  83.887
6.91145e-07  83.887
6.81168e-07  83.887
6.71334e-07  83.887
6.61643e-07  83.887
6.52092e-07  83.887
6.42678e-07  83.887
6.33401e-07  83.887
6.24257e-07  83.887
6.15245e-07  83.887
6.06364e-07  83.887
5.9761e-07  83.887
5.88983e-07  83.887
5.80481e-07  83.887
5.72101e-07  83.887
5.63842e-07  83.887
5.55703e-07  83.887
5.47681e-07  83.887
5.39775e-07  83.887
5.31982e-07  83.887
5.24303e-07  83.887
5.16734e-07  83.887
5.09275e-07  83.887
5.01923e-07  83.887
4.94677e-07  83.887
4.87536e-07  83.887
4.80498e-07  83.887
4.73562e-07  83.887
4.66725e-07  83.887
4.59988e-07  83.887
4.53348e-07  83.887
4.46803e-07  83.887
4.40353e-07  83.887
4.33996e-07  83.887
4.27731e-07  83.887
4.21557e-07  83.887
4.15471e-07  83.887
4.09473e-07  83.887
4.03562e-07  83.887
3.97737e-07  83.887
3.91995e-07  83.887
3.86336e-07  83.887
3.80759e-07  83.887
3.75262e-07  83.887
3.69845e-07  83.887
3.64506e-07  83.887
3.59244e-07  83.887
3.54058e-07  83.887
3.48947e-07  83.887
3.4391e-07  83.887
3.38945e-07  83.887
3.34052e-07  83.887
3.2923e-07  83.887
3.24477e-07  83.887
3.19793e-07  83.887
3.15177e-07  83.887
3.10627e-07  83.887
3.06143e-07  83.887
3.01723e-07  83.887
2.97368e-07  83.887
2.93075e-07  83.887
2.88844e-07  83.887
2.84674e-07  83.887
2.80565e-07  83.887
2.76515e-07  83.887
2.72523e-07  83.887
2.68589e-07  83.887
2.64712e-07  83.887
2.6089e-07  83.887
2.57124e-07  83.887
2.53412e-07  83.887
2.49754e-07  83.887
2.46149e-07  83.887
2.42595e-07  83.887
2.39093e-07  83.887
2.35642e-07  83.887
2.3224e-07  83.887
2.28887e-07  83.887
2.25583e-07  83.887
2.22327e-07  83.887
2.19117e-07  83.887
2.15954e-07  83.887
2.12837e-07  83.887
2.09764e-07  83.887
2.06736e-07  83.887
2.03752e-07  83.887
2.0081e-07  83.887
1.97912e-07  83.887
1.95054e-07  83.887
1.92239e-07  83.887
1.89464e-07  83.887
1.86729e-07  83.887
1.84033e-07  83.887
1.81376e-07  83.887
1.78758e-07  83.887
1.76177e-07  83.887
1.73634e-07  83.887
1.71128e-07  83.887
1.68657e-07  83.887
1.66223e-07  83.887
1.63823e-07  83.887
1.61458e-07  83.887
1.59127e-07  83.887
1.5683e-07  83.887
1.54566e-07  83.887
1.52335e-07  83.887
1.50136e-07  83.887
1.47968e-07  83.887
1.45832e-07  83.887
1.43727e-07  83.887
1.41652e-07  83.887
1.39608e-07  83.887
1.37592e-07  83.887
1.35606e-07  83.887
1.33648e-07  83.887
1.31719e-07  83.887
1.29818e-07  83.887
1.27944e-07  83.887
1.26097e-07  83.887
1.24276e-07  83.887
1.22482e-07  83.887
1.20714e-07  83.887
1.18971e-07  83.887
1.17254e-07  83.887
1.15561e-07  83.887
1.13893e-07  83.887
1.12249e-07  83.887
1.10629e-07  83.887
1.09032e-07  83.887
1.07458e-07  83.887
1.05906e-07  83.887
1.04378e-07  83.887
1.02871e-07  83.887
1.01386e-07  83.887
9.99221e-08  83.887
9.84797e-08  83.887
9.7058e-08  83.887
9.56569e-08  83.887
9.4276e-08  83.887
9.29151e-08  83.887
9.15738e-08  83.887
9.02518e-08  83.887
8.8949e-08  83.887
8.76649e-08  83.887
8.63994e-08  83.887
8.51522e-08  83.887
8.39229e-08  83.887
8.27114e-08  83.887
8.15174e-08  83.887
8.03406e-08  83.887
7.91809e-08  83.887
7.80378e-08  83.887
7.69113e-08  83.887
7.5801e-08  83.887
7.47067e-08  83.887
7.36283e-08  83.887
7.25654e-08  83.887
7.15179e-08  83.887
7.04854e-08  83.887
6.94679e-08  83.887
6.84651e-08  83.887
6.74768e-08  83.887
6.65027e-08  83.887
6.55427e-08  83.887
6.45965e-08  83.887
6.3664e-08  83.887
6.27449e-08  83.887
6.18392e-08  83.887
6.09465e-08  83.887
6.00666e-08  83.887
5.91995e-08  83.887
5.83449e-08  83.887
5.75027e-08  83.887
5.66726e-08  83.887
5.58545e-08  83.887
5.50482e-08  83.887
5.42535e-08  83.887
5.34703e-08  83.887
5.26984e-08  83.887
5.19377e-08  83.887
5.11879e-08  83.887
5.0449e-08  83.887
4.97207e-08  83.887
4.90029e-08  83.887
4.82955e-08  83.887
4.75983e-08  83.887
4.69112e-08  83.887
4.6234e-08  83.887
4.55666e-08  83.887
4.49088e-08  83.887
4.42605e-08  83.887
4.36216e-08  83.887
4.29919e-08  83.887
4.23712e-08  83.887
4.17596e-08  83.887
4.11567e-08  83.887
4.05626e-08  83.887
3.9977e-08  83.887
3.93999e-08  83.887
3.88312e-08  83.887
3.82706e-08  83.887
3.77181e-08  83.887
3.71736e-08  83.887
3.6637e-08  83.887
3.61081e-08  83.887
3.55869e-08  83.887
3.50732e-08  83.887
3.45668e-08  83.887
3.40678e-08  83.887
3.3576e-08  83.887
3.30913e-08  83.887
3.26136e-08  83.887
3.21428e-08  83.887
3.16788e-08  83.887
3.12215e-08  83.887
3.07708e-08  83.887
3.03266e-08  83.887
2.98888e-08  83.887
2.94574e-08  83.887
2.90321e-08  83.887
2.8613e-08  83.887
2.82e-08  83.887
2.77929e-08  83.887
2.73916e-08  83.887
2.69962e-08  83.887
2.66065e-08  83.887
2.62224e-08  83.887
2.58439e-08  83.887
2.54708e-08  83.887
2.51031e-08  83.887
2.47407e-08  83.887
2.43836e-08  83.887
2.40316e-08  83.887
2.36847e-08  83.887
2.33428e-08  83.887
2.30058e-08  83.887
2.26737e-08  83.887
2.23464e-08  83.887
2.20238e-08  83.887
2.17058e-08  83.887
2.13925e-08  83.887
2.10837e-08  83.887
2.07793e-08  83.887
2.04794e-08  83.887
2.01837e-08  83.887
1.98924e-08  83.887
1.96052e-08  83.887
1.93222e-08  83.887
1.90432e-08  83.887
1.87683e-08  83.887
1.84974e-08  83.887
1.82304e-08  83.887
1.79672e-08  83.887
1.77078e-08  83.887
1.74522e-08  83.887
1.72003e-08  83.887
1.6952e-08  83.887
1.67073e-08  83.887
1.64661e-08  83.887
1.62284e-08  83.887
1.59941e-08  83.887
1.57632e-08  83.887
1.55357e-08  83.887
1.53114e-08  83.887
1.50904e-08  83.887
1.48725e-08  83.887
1.46578e-08  83.887
1.44462e-08  83.887
1.42377e-08  83.887
1.40321e-08  83.887
1.38296e-08  83.887
1.36299e-08  83.887
1.34332e-08  83.887
1.32393e-08  83.887
1.30481e-08  83.887
1.28598e-08  83.887
1.26741e-08  83.887
1.24912e-08  83.887
1.23109e-08  83.887
1.21331e-08  83.887
1.1958e-08  83.887
1.17854e-08  83.887
1.16152e-08  83.887
1.14476e-08  83.887
1.12823e-08  83.887
1.11194e-08  83.887
1.09589e-08  83.887
1.08007e-08  83.887
1.06448e-08  83.887
1.04911e-08  83.887
1.03397e-08  83.887
1.01904e-08  83.887
1.00433e-08  83.887
9.89832e-09  83.887
9.75543e-09  83.887
9.61461e-09  83.887
9.47581e-09  83.887
9.33902e-09  83.887
9.2042e-09  83.887
9.07133e-09  83.887
8.94038e-09  83.887
8.81132e-09  83.887
8.68412e-09  83.887
8.55876e-09  83.887
8.43521e-09  83.887
8.31344e-09  83.887
8.19342e-09  83.887
8.07515e-09  83.887
7.95857e-09  83.887
7.84369e-09  83.887
7.73046e-09  83.887
7.61886e-09  83.887
7.50888e-09  83.887
7.40048e-09  83.887
7.29365e-09  83.887
7.18836e-09  83.887
7.08459e-09  83.887
6.98231e-09  83.887
6.88152e-09  83.887
6.78218e-09  83.887
6.68427e-09  83.887
6.58778e-09  83.887
6.49268e-09  83.887
6.39895e-09  83.887
6.30658e-09  83.887
6.21554e-09  83.887
6.12581e-09  83.887
6.03738e-09  83.887
5.95023e-09  83.887
5.86433e-09  83.887
5.77967e-09  83.887
5.69624e-09  83.887
5.61401e-09  83.887
5.53297e-09  83.887
5.45309e-09  83.887
5.37437e-09  83.887
5.29679e-09  83.887
5.22033e-09  83.887
5.14497e-09  83.887
5.07069e-09  83.887
4.99749e-09  83.887
4.92535e-09  83.887
4.85425e-09  83.887
4.78417e-09  83.887
4.71511e-09  83.887
4.64704e-09  83.887
4.57996e-09  83.887
4.51385e-09  83.887
4.44868e-09  83.887
4.38446e-09  83.887
4.32117e-09  83.887
4.25879e-09  83.887
4.19731e-09  83.887
4.13672e-09  83.887
4.077e-09  83.887
4.01815e-09  83.887
3.96014e-09  83.887
3.90297e-09  83.887
3.84663e-09  83.887
3.7911e-09  83.887
3.73637e-09  83.887
3.68244e-09  83.887
3.62928e-09  83.887
3.57689e-09  83.887
3.52525e-09  83.887
3.47436e-09  83.887
3.42421e-09  83.887
3.37477e-09  83.887
3.32606e-09  83.887
3.27804e-09  83.887
3.23072e-09  83.887
3.18408e-09  83.887
3.13812e-09  83.887
3.09282e-09  83.887
3.04817e-09  83.887
3.00417e-09  83.887
2.9608e-09  83.887
2.91806e-09  83.887
2.87593e-09  83.887
2.83442e-09  83.887
2.7935e-09  83.887
2.75317e-09  83.887
2.71343e-09  83.887
2.67426e-09  83.887
2.63565e-09  83.887
2.59761e-09  83.887
2.56011e-09  83.887
2.52315e-09  83.887
2.48673e-09  83.887
2.45083e-09  83.887
2.41545e-09  83.887
2.38058e-09  83.887
2.34621e-09  83.887
2.31234e-09  83.887
2.27896e-09  83.887
2.24606e-09  83.887
2.21364e-09  83.887
2.18168e-09  83.887
2.15019e-09  83.887
2.11915e-09  83.887
2.08856e-09  83.887
2.05841e-09  83.887
2.02869e-09  83.887
1.99941e-09  83.887
1.97054e-09  83.887
1.9421e-09  83.887
1.91406e-09  83.887
1.88643e-09  83.887
1.8592e-09  83.887
1.83236e-09  83.887
1.80591e-09  83.887
1.77984e-09  83.887
1.75415e-09  83.887
1.72882e-09  83.887
1.70387e-09  83.887
1.67927e-09  83.887
1.65503e-09  83.887
1.63114e-09  83.887
1.60759e-09  83.887
1.58438e-09  83.887
1.56151e-09  83.887
1.53897e-09  83.887
1.51675e-09  83.887
1.49486e-09  83.887
1.47328e-09  83.887
1.45201e-09  83.887
1.43105e-09  83.887
1.41039e-09  83.887
1.39003e-09  83.887
1.36996e-09  83.887
1.35019e-09  83.887
1.3307e-09  83.887
1.31149e-09  83.887
1.29255e-09  83.887
1.27389e-09  83.887
1.2555e-09  83.887
1.23738e-09  83.887
1.21952e-09  83.887
1.20191e-09  83.887
1.18456e-09  83.887
1.16746e-09  83.887
1.15061e-09  83.887
1.134e-09  83.887
1.11763e-09  83.887
1.1015e-09  83.887
1.08559e-09  83.887
1.06992e-09  83.887
1.05448e-09  83.887
1.03926e-09  83.887
1.02425e-09  83.887
1.00947e-09  83.887
9.94894e-10  83.887
9.80532e-10  83.887
9.66377e-10  83.887
9.52427e-10  83.887
9.38678e-10  83.887
9.25127e-10  83.887
9.11772e-10  83.887
8.9861e-10  83.887
8.85638e-10  83.887
8.72853e-10  83.887
8.60253e-10  83.887
8.47834e-10  83.887
8.35595e-10  83.887
8.23532e-10  83.887
8.11644e-10  83.887
7.99927e-10  83.887
7.8838e-10  83.887
7.76999e-10  83.887
7.65782e-10  83.887
7.54727e-10  83.887
7.43832e-10  83.887
7.33094e-10  83.887
7.22512e-10  83.887
7.12082e-10  83.887
7.01802e-10  83.887
6.91671e-10  83.887
6.81686e-10  83.887
6.71845e-10  83.887
6.62147e-10  83.887
6.52588e-10  83.887
6.43168e-10  83.887
6.33883e-10  83.887
6.24732e-10  83.887
6.15714e-10  83.887
6.06825e-10  83.887
5.98065e-10  83.887
5.89432e-10  83.887
5.80923e-10  83.887
5.72537e-10  83.887
5.64272e-10  83.887
5.56126e-10  83.887
5.48098e-10  83.887
5.40186e-10  83.887
5.32388e-10  83.887
5.24702e-10  83.887
5.17128e-10  83.887
5.09662e-10  83.887
5.02305e-10  83.887
4.95054e-10  83.887
4.87907e-10  83.887
4.80864e-10  83.887
4.73922e-10  83.887
4.67081e-10  83.887
4.60338e-10  83.887
4.53693e-10  83.887
4.47143e-10  83.887
4.40689e-10  83.887
4.34327e-10  83.887
4.28057e-10  83.887
4.21878e-10  83.887
4.15787e-10  83.887
4.09785e-10  83.887
4.0387e-10  83.887
3.98039e-10  83.887
3.92293e-10  83.887
3.8663e-10  83.887
3.81049e-10  83.887
3.75548e-10  83.887
3.70127e-10  83.887
3.64784e-10  83.887
3.59518e-10  83.887
3.54328e-10  83.887
3.49213e-10  83.887
3.44172e-10  83.887
3.39203e-10  83.887
3.34307e-10  83.887
3.29481e-10  83.887
3.24724e-10  83.887
3.20037e-10  83.887
3.15417e-10  83.887
3.10863e-10  83.887
3.06376e-10  83.887
3.01953e-10  83.887
2.97594e-10  83.887
2.93298e-10  83.887
2.89064e-10  83.887
2.84891e-10  83.887
2.80778e-10  83.887
2.76725e-10  83.887
2.7273e-10  83.887
2.68793e-10  83.887
2.64913e-10  83.887
2.61089e-10  83.887
2.5732e-10  83.887
2.53605e-10  83.887
2.49944e-10  83.887
2.46336e-10  83.887
2.4278e-10  83.887
2.39275e-10  83.887
2.35821e-10  83.887
2.32417e-10  83.887
2.29062e-10  83.887
2.25755e-10  83.887
2.22496e-10  83.887
2.19284e-10  83.887
2.16119e-10  83.887
2.12999e-10  83.887
2.09924e-10  83.887
2.06893e-10  83.887
2.03907e-10  83.887
2.00963e-10  83.887
1.98062e-10  83.887
1.95203e-10  83.887
1.92385e-10  83.887
1.89608e-10  83.887
1.86871e-10  83.887
1.84173e-10  83.887
1.81514e-10  83.887
1.78894e-10  83.887
1.76312e-10  83.887
1.73766e-10  83.887
1.71258e-10  83.887
1.68786e-10  83.887
1.66349e-10  83.887
1.63948e-10  83.887
1.61581e-10  83.887
1.59248e-10  83.887
1.5695e-10  83.887
1.54684e-10  83.887
1.52451e-10  83.887
1.5025e-10  83.887
1.48081e-10  83.887
1.45943e-10  83.887
1.43837e-10  83.887
1.4176e-10  83.887
1.39714e-10  83.887
1.37697e-10  83.887
1.35709e-10  83.887
1.3375e-10  83.887
1.31819e-10  83.887
1.29916e-10  83.887
1.28041e-10  83.887
1.26193e-10  83.887
1.24371e-10  83.887
1.22575e-10  83.887
1.20806e-10  83.887
1.19062e-10  83.887
1.17343e-10  83.887
1.15649e-10  83.887
1.1398e-10  83.887
1.12334e-10  83.887
1.10713e-10  83.887
1.09115e-10  83.887
1.07539e-10  83.887
1.05987e-10  83.887
1.04457e-10  83.887
1.02949e-10  83.887
1.01463e-10  83.887
9.99982e-11  83.887
