249.525  176.217
245.987  138.926
242.499  197.365
239.061  273.95
235.672  207.674
232.33  366.257
229.036  242.446
225.789  199.397
222.587  105.81
219.431  247.138
216.32  298.491
213.253  160.559
210.23  140.409
207.249  144.418
204.31  226.106
201.414  204.299
198.558  173.323
195.743  159.214
192.967  164.722
190.231  217.879
187.534  193.708
184.875  233.138
182.254  160.943
179.67  185.824
177.123  160.494
174.611  303.691
172.136  242.059
169.695  236.546
167.289  251.102
164.917  102.864
162.579  174.105
160.274  312.601
158.001  99.3989
155.761  140.884
153.553  116.812
151.376  131.758
149.229  161.935
147.113  168.398
145.028  185.484
142.971  254.736
140.944  157.999
138.946  178.506
136.976  192.254
135.034  175.329
133.119  155.572
131.232  101.112
129.371  144.933
127.537  284.469
125.729  223.9
123.946  243.555
122.189  237.602
120.456  176.545
118.748  145.138
117.065  115.564
115.405  174.914
113.769  145.054
112.155  209.771
110.565  176.392
108.998  284.861
107.452  162.852
105.929  230.064
104.427  93.0033
102.946  200.594
101.487  231.898
100.048  260.373
98.6292  124.178
97.2308  123.062
95.8522  124.682
94.4932  257.271
93.1534  218.156
91.8327  176.889
90.5306  181.586
89.247  127.632
87.9817  242.219
86.7342  137.135
85.5045  126.448
84.2922  151.013
83.097  128.71
81.9188  234.396
80.7574  192.125
79.6124  142.804
78.4836  171.928
77.3708  121.933
76.2738  225.865
75.1924  149.443
74.1263  181.585
73.0753  111.688
72.0392  166.311
71.0178  209.603
70.0109  270.883
69.0182  178.409
68.0396  132.631
67.075  217.894
66.1239  236.76
65.1864  237.97
64.2622  132.434
63.351  117.134
62.4528  228.925
61.5673  184.252
60.6944  112.842
59.8339  165.777
58.9855  250.221
58.1492  196.146
57.3247  158.041
56.512  123.968
55.7107  186.54
54.9208  98.5789
54.1421  158.447
53.3745  90.7739
52.6177  177.057
51.8717  169.931
51.1362  268.905
50.4112  156.593
49.6965  163.829
48.9918  117.481
48.2972  157.302
47.6124  90.1999
46.9374  174.561
46.2719  204.904
45.6158  185.988
44.9691  142.331
44.3315  110.783
43.7029  173.551
43.0833  159.393
42.4724  127.045
41.8702  84.3934
41.2766  140.67
40.6913  130.264
40.1144  173.723
39.5457  197.304
38.985  215.106
38.4322  159.125
37.8873  241.116
37.3501  169.769
36.8206  125.188
36.2985  93.4021
35.7838  132.685
35.2765  148.019
34.7763  166.01
34.2833  162.145
33.7972  157.374
33.318  161.369
32.8456  138.16
32.3799  148.393
31.9208  115.287
31.4682  117.934
31.022  81.8925
30.5822  154.659
30.1486  114.552
29.7211  110.818
29.2997  119.032
28.8843  177.33
28.4748  202.297
28.0711  82.9706
27.673  107.764
27.2807  122.903
26.8939  109.168
26.5126  125.155
26.1367  138.868
25.7661  89.1831
25.4008  93.4846
25.0406  110.593
24.6856  115.589
24.3356  146.7
23.9906  140.295
23.6504  107.868
23.3151  78.353
22.9845  85.9791
22.6586  203.988
22.3374  165.394
22.0207  102.094
21.7084  145.092
21.4007  201.336
21.0972  93.2956
20.7981  112.153
20.5032  95.2071
20.2125  182.021
19.9259  131.73
19.6434  135.471
19.3649  83.1783
19.0903  135.005
18.8197  113.337
18.5528  97.4469
18.2898  179.769
18.0305  73.1611
17.7748  117.616
17.5228  68.118
17.2744  77.8391
17.0294  136.116
16.788  102.618
16.55  110.089
16.3153  134.029
16.084  97.7952
15.8559  160.115
15.6311  140.322
15.4095  101.949
15.191  94.6251
14.9756  131.64
14.7633  69.8345
14.554  81.8761
14.3476  100.424
14.1442  58.959
13.9437  118.081
13.746  104.48
13.5511  111.242
13.3589  91.0478
13.1695  83.779
12.9828  62.2343
12.7987  81.6682
12.6173  77.0389
12.4384  85.6604
12.262  97.6532
12.0882  81.4634
11.9168  74.1417
11.7478  112.311
11.5812  97.9943
11.417  67.2521
11.2552  61.4732
11.0956  64.0365
10.9383  90.5841
10.7832  72.9153
10.6303  69.0076
10.4796  84.7031
10.331  76.4198
10.1845  84.2476
10.0401  120.673
9.89776  68.8728
9.75742  61.4737
9.61908  70.5226
9.4827  92.5779
9.34825  86.8924
9.2157  72.0368
9.08504  58.4588
8.95623  78.0213
8.82924  69.2748
8.70406  81.2639
8.58065  68.2786
8.45899  89.4035
8.33906  108.047
8.22082  63.5826
8.10426  84.9726
7.98936  61.9712
7.87608  68.3027
7.76441  78.6048
7.65432  68.2603
7.5458  94.5268
7.43881  59.724
7.33334  76.8336
7.22937  66.608
7.12686  60.1088
7.02582  56.6735
6.9262  79.1137
6.828  71.9099
6.73119  62.789
6.63575  85.2859
6.54167  83.6233
6.44892  100.032
6.35748  74.8239
6.26734  76.707
6.17848  55.8209
6.09088  57.5359
6.00452  91.0142
5.91939  75.4008
5.83546  58.9149
5.75272  63.7035
5.67116  62.5061
5.59075  62.6758
5.51148  83.4028
5.43334  80.3463
5.3563  78.8092
5.28036  58.4489
5.20549  71.6532
5.13169  59.7751
5.05893  60.1107
4.9872  68.3273
4.91649  55.9957
4.84678  55.0817
4.77806  59.8547
4.71032  84.1005
4.64353  69.6044
4.57769  67.0326
4.51279  72.0903
4.44881  82.8724
4.38573  64.2501
4.32355  76.9133
4.26225  88.101
4.20181  54.5541
4.14224  51.2273
4.08351  63.0016
4.02561  61.1215
3.96853  61.9123
3.91227  52.6725
3.8568  55.6903
3.80211  67.749
3.74821  58.2141
3.69506  70.7451
3.64267  59.2343
3.59103  71.8563
3.54011  92.2396
3.48992  56.3913
3.44044  68.6347
3.39166  65.3263
3.34357  62.9702
3.29616  57.2291
3.24943  57.0412
3.20335  55.1657
3.15794  56.8343
3.11316  67.6407
3.06902  64.6348
3.02551  57.8003
2.98261  60.9879
2.94032  53.492
2.89863  61.5525
2.85754  63.3239
2.81702  53.9801
2.77708  52.0502
2.73771  60.1659
2.69889  56.6433
2.66062  49.16
2.6229  57.6765
2.58571  55.6417
2.54905  60.0402
2.51291  56.2775
2.47728  56.8993
2.44216  52.4683
2.40753  58.5914
2.3734  49.8118
2.33974  55.7124
2.30657  70.3778
2.27387  56.014
2.24163  55.1677
2.20985  53.5908
2.17851  58.8404
2.14763  53.1346
2.11718  54.8468
2.08716  57.2101
2.05756  54.3115
2.02839  59.0185
1.99963  52.8038
1.97128  51.788
1.94333  53.7496
1.91578  53.4601
1.88862  54.7634
1.86184  54.2471
1.83544  51.7861
1.80942  55.9357
1.78376  51.3288
1.75847  51.4084
1.73354  52.2347
1.70896  49.7354
1.68473  49.0985
1.66084  54.284
1.63729  59.8201
1.61408  51.4586
1.5912  49.3693
1.56863  51.6594
1.54639  53.8623
1.52447  48.2559
1.50285  48.193
1.48155  49.1546
1.46054  47.7237
1.43983  46.6976
1.41942  47.9574
1.39929  50.7972
1.37945  51.3788
1.35989  50.5636
1.34061  50.3639
1.32161  54.9772
1.30287  47.6711
1.28439  55.7828
1.26618  48.6355
1.24823  49.6583
1.23053  53.3469
1.21309  48.9766
1.19589  51.9044
1.17893  51.8858
1.16222  54.8821
1.14574  51.3109
1.12949  54.4563
1.11348  49.593
1.09769  48.8745
1.08213  49.6464
1.06678  56.579
1.05166  48.677
1.03675  51.8819
1.02205  51.0373
1.00756  50.4494
0.993273  50.0185
0.97919  48.9806
0.965306  52.1235
0.95162  47.4513
0.938127  48.3397
0.924826  46.7829
0.911714  51.9208
0.898787  50.4429
0.886044  49.6731
0.873481  47.1974
0.861096  47.0881
0.848887  49.046
0.836852  50.5145
0.824986  52.6402
0.813289  55.4901
0.801758  52.859
0.790391  51.5896
0.779184  49.1684
0.768137  49.1704
0.757246  50.873
0.746509  47.6699
0.735925  48.8527
0.725491  51.432
0.715204  48.9711
0.705064  48.6423
0.695067  48.5908
0.685212  48.9273
0.675497  49.6255
0.66592  49.2249
0.656478  48.6794
0.64717  46.5776
0.637994  46.7045
0.628949  49.0529
0.620031  46.519
0.61124  45.9334
0.602574  45.8875
0.59403  45.5265
0.585608  46.3198
0.577305  46.6955
0.569119  47.153
0.56105  46.6013
0.553095  47.2376
0.545253  51.397
0.537523  48.618
0.529901  48.6482
0.522388  48.9167
0.514982  49.0785
0.50768  52.3842
0.500482  48.0188
0.493386  45.9408
0.48639  46.3249
0.479494  48.2191
0.472696  45.4774
0.465994  47.0701
0.459387  46.0132
0.452873  46.6695
0.446452  45.5148
0.440122  45.8158
0.433882  45.2515
0.42773  45.9892
0.421666  47.1648
0.415687  44.7164
0.409793  47.8018
0.403983  48.0741
0.398255  48.5789
0.392609  45.4369
0.387042  46.4787
0.381555  46.5592
0.376145  44.9783
0.370812  48.1833
0.365554  45.4435
0.360371  45.8194
0.355262  45.3738
0.350225  44.942
0.345259  45.4195
0.340364  46.3313
0.335538  44.887
0.330781  45.6433
0.326091  45.6962
0.321467  45.0118
0.316909  45.5947
0.312416  46.0762
0.307986  44.9671
0.30362  46.0787
0.299315  45.0419
0.295071  45.1017
0.290887  46.6451
0.286763  45.3553
0.282697  45.2787
0.278689  45.3823
0.274738  45.2723
0.270842  47.2345
0.267002  47.1738
0.263217  45.5971
0.259485  45.5709
0.255806  46.3379
0.252179  44.9115
0.248603  44.7805
0.245078  45.7032
0.241604  45.7501
0.238178  46.361
0.234801  45.3984
0.231472  44.9476
0.22819  44.5593
0.224955  44.4759
0.221765  45.0543
0.218621  44.9093
0.215521  45.306
0.212465  45.8091
0.209453  45.2209
0.206483  44.7244
0.203556  45.1575
0.20067  45.5374
0.197824  45.1591
0.19502  45.6308
0.192255  44.9819
0.189529  44.9963
0.186841  45.9873
0.184192  45.4171
0.181581  45.3147
0.179006  45.1307
0.176468  46.5418
0.173966  44.9425
0.1715  44.6727
0.169068  44.9494
0.166671  44.5086
0.164308  44.4611
0.161978  44.9514
0.159682  44.6626
0.157418  45.126
0.155186  44.1453
0.152985  44.4004
0.150816  44.7201
0.148678  45.3061
0.14657  44.7217
0.144492  45.5461
0.142443  44.8526
0.140424  45.1455
0.138433  45.1043
0.13647  45.418
0.134535  44.8097
0.132627  44.9383
0.130747  44.8202
0.128893  45.0937
0.127066  44.9084
0.125264  45.215
0.123488  45.125
0.121737  44.9069
0.120011  44.7509
0.11831  44.8065
0.116632  45.0484
0.114979  45.3358
0.113348  45.1779
0.111741  44.7131
0.110157  44.3373
0.108595  44.5788
0.107055  44.963
0.105537  44.6464
0.104041  44.6599
0.102566  44.6112
0.101112  44.8119
0.0996782  44.4803
0.0982649  44.549
0.0968717  44.7759
0.0954982  44.247
0.0941442  44.4036
0.0928093  44.4288
0.0914935  44.5105
0.0901962  44.3979
0.0889174  44.248
0.0876567  44.2335
0.0864139  44.2101
0.0851886  44.2701
0.0839808  44.3491
0.0827901  44.3012
0.0816163  44.516
0.0804591  44.7402
0.0793183  44.4267
0.0781937  44.756
0.077085  44.5966
0.0759921  44.6628
0.0749146  44.4953
0.0738525  44.575
0.0728054  44.7096
0.0717731  44.9034
0.0707555  44.7955
0.0697523  44.459
0.0687633  44.4958
0.0677883  44.486
0.0668272  44.4319
0.0658797  44.3891
0.0649456  44.2324
0.0640248  44.6011
0.063117  44.7078
0.0622221  44.4796
0.0613399  44.4731
0.0604702  44.4313
0.0596129  44.4072
0.0587676  44.3232
0.0579344  44.3252
0.057113  44.5836
0.0563032  44.2791
0.0555049  44.5352
0.054718  44.3023
0.0539421  44.3886
0.0531773  44.4333
0.0524234  44.299
0.0516801  44.346
0.0509473  44.4087
0.050225  44.1711
0.0495129  44.2424
0.0488109  44.2289
0.0481188  44.3439
0.0474366  44.2889
0.046764  44.2464
0.046101  44.3437
0.0454473  44.2082
0.0448029  44.3229
0.0441677  44.2337
0.0435415  44.478
0.0429241  44.3057
0.0423155  44.2682
0.0417156  44.115
0.0411241  44.1192
0.040541  44.1942
0.0399662  44.0948
0.0393996  44.1106
0.0388409  44.2238
0.0382902  44.2425
0.0377474  44.2343
0.0372122  44.2559
0.0366845  44.2634
0.0361644  44.3646
0.0356517  44.2729
0.0351462  44.3363
0.0346479  44.3178
0.0341566  44.2445
0.0336723  44.2918
0.0331949  44.4459
0.0327243  44.2238
0.0322603  44.2022
0.0318029  44.2349
0.031352  44.323
0.0309074  44.2525
0.0304692  44.2801
0.0300372  44.2823
0.0296113  44.2769
0.0291915  44.2706
0.0287776  44.335
0.0283696  44.2493
0.0279674  44.2939
0.0275708  44.3734
0.0271799  44.2012
0.0267945  44.1855
0.0264146  44.2158
0.0260401  44.2598
0.0256709  44.2011
0.0253069  44.1471
0.0249481  44.251
0.0245944  44.0827
0.0242457  44.0387
0.0239019  44.0415
0.023563  44.0726
0.023229  44.0582
0.0228996  44.0492
0.0225749  44.0895
0.0222549  44.065
0.0219393  44.0088
0.0216283  44.0152
0.0213216  44.047
0.0210193  44.0516
0.0207213  44.0854
0.0204275  44.0825
0.0201379  44.171
0.0198523  44.1094
0.0195709  44.1412
0.0192934  44.0619
0.0190198  44.1383
0.0187501  44.036
0.0184843  44.0229
0.0182222  44.0756
0.0179639  44.0493
0.0177092  44.0484
0.0174581  44.056
0.0172105  44.056
0.0169665  44.0834
0.016726  44.0831
0.0164888  44.0582
0.016255  44.1095
0.0160246  44.056
0.0157974  44.0909
0.0155734  44.0969
0.0153526  44.1143
0.0151349  44.0746
0.0149203  44.1032
0.0147088  44.0898
0.0145002  44.0758
0.0142946  44.0282
0.014092  44.0331
0.0138922  44.0331
0.0136952  43.9938
0.013501  44.0325
0.0133096  44.0078
0.0131209  44.0156
0.0129348  43.9865
0.0127515  43.8309
0.0125707  43.8597
0.0123924  43.8174
0.0122167  43.858
0.0120435  43.8407
0.0118727  43.8542
0.0117044  43.8354
0.0115385  43.8268
0.0113749  43.8154
0.0112136  43.8624
0.0110546  43.8959
0.0108979  43.8264
0.0107433  43.8363
0.010591  43.8791
0.0104409  43.8727
0.0102928  43.8616
0.0101469  43.8797
0.010003  43.8777
0.0098612  43.8809
0.00972138  43.878
0.00958355  43.8804
0.00944767  43.8858
0.00931372  43.8889
0.00918166  43.8637
0.00905148  43.8589
0.00892315  43.8581
0.00879663  43.861
0.00867191  43.858
0.00854895  43.8366
0.00842774  43.8479
0.00830825  43.8502
0.00819045  43.8484
0.00807433  43.8482
0.00795985  43.8486
0.00784699  43.8465
0.00773573  43.8257
0.00762605  43.818
0.00751793  43.8306
0.00741133  43.8192
0.00730625  43.8193
0.00720266  43.8177
0.00710054  43.8124
0.00699987  43.8125
0.00690062  43.8124
0.00680278  43.8125
0.00670633  43.8125
0.00661124  43.8124
0.0065175  43.8202
0.0064251  43.8124
0.006334  43.8124
0.00624419  43.8124
0.00615566  43.8124
0.00606838  43.8125
0.00598234  43.8125
0.00589752  43.8138
0.00581391  43.8123
0.00573147  43.8123
0.00565021  43.8124
0.0055701  43.812
0.00549112  43.8117
0.00541327  43.812
0.00533652  43.812
0.00526085  43.8202
0.00518626  43.8202
0.00511273  43.8196
0.00504024  43.8197
0.00496878  43.8232
0.00489833  43.8118
0.00482888  43.8119
0.00476041  43.8119
0.00469292  43.8132
0.00462638  43.8132
0.00456078  43.8132
0.00449612  43.8132
0.00443237  43.8132
0.00436953  43.8132
0.00430758  43.8132
0.0042465  43.8132
0.00418629  43.8132
0.00412694  43.8132
0.00406842  43.8132
0.00401074  43.8132
0.00395387  43.8132
0.00389782  43.8132
0.00384255  43.8132
0.00378807  43.8132
0.00373436  43.8132
0.00368141  43.8132
0.00362922  43.8101
0.00357776  43.8223
0.00352703  43.8156
0.00347703  43.8156
0.00342773  43.817
0.00337913  43.8169
0.00333122  43.8118
0.00328399  43.8155
0.00323742  43.8155
0.00319152  43.8155
0.00314627  43.8155
0.00310166  43.8155
0.00305769  43.8155
0.00301433  43.8155
0.00297159  43.8123
0.00292946  43.8123
0.00288793  43.8123
0.00284698  43.8123
0.00280662  43.8123
0.00276682  43.8123
0.00272759  43.8128
0.00268892  43.8128
0.0026508  43.8128
0.00261321  43.8128
0.00257616  43.8095
0.00253963  43.8094
0.00250363  43.8094
0.00246813  43.8094
0.00243314  43.8094
0.00239864  43.8094
0.00236463  43.8094
0.0023311  43.8091
0.00229805  43.809
0.00226547  43.8091
0.00223335  43.8091
0.00220168  43.809
0.00217047  43.809
0.00213969  43.809
0.00210935  43.8098
0.00207945  43.8091
0.00204996  43.8091
0.0020209  43.8087
0.00199225  43.8088
0.001964  43.8088
0.00193615  43.8088
0.0019087  43.8089
0.00188164  43.8095
0.00185496  43.8095
0.00182866  43.8095
0.00180273  43.8095
0.00177717  43.8095
0.00175198  43.8095
0.00172713  43.8095
0.00170265  43.8095
0.00167851  43.8095
0.00165471  43.8095
0.00163125  43.8095
0.00160812  43.8095
0.00158532  43.8095
0.00156284  43.8095
0.00154068  43.8095
0.00151884  43.8095
0.0014973  43.8095
0.00147607  43.8087
0.00145514  43.8087
0.00143451  43.8065
0.00141417  43.8065
0.00139412  43.8065
0.00137436  43.8087
0.00135487  43.8087
0.00133566  43.8087
0.00131672  43.8087
0.00129805  43.8087
0.00127965  43.8087
0.00126151  43.8087
0.00124362  43.8062
0.00122599  43.8065
0.00120861  43.8065
0.00119147  43.8065
0.00117458  43.8087
0.00115792  43.8087
0.00114151  43.8087
0.00112532  43.8087
0.00110937  43.8064
0.00109364  43.8087
0.00107813  43.8087
0.00106284  43.8063
0.00104777  43.8065
0.00103292  43.8062
0.00101827  43.8063
0.00100384  43.8087
0.000989604  43.8087
0.000975573  43.8087
0.000961741  43.8087
0.000948105  43.8087
0.000934662  43.8087
0.00092141  43.8087
0.000908346  43.8087
0.000895467  43.8087
0.000882771  43.8087
0.000870254  43.8087
0.000857916  43.8087
0.000845752  43.8087
0.00083376  43.8087
0.000821939  43.8087
0.000810285  43.8087
0.000798797  43.8087
0.000787471  43.8094
0.000776306  43.8087
0.000765299  43.8087
0.000754448  43.8087
0.000743751  43.8087
0.000733206  43.8087
0.000722811  43.8087
0.000712562  43.8087
0.000702459  43.8087
0.0006925  43.8074
0.000682681  43.8074
0.000673002  43.8073
0.00066346  43.8073
0.000654053  43.8074
0.000644779  43.8074
0.000635637  43.8074
0.000626625  43.8073
0.000617741  43.8062
0.000608982  43.8062
0.000600348  43.8062
0.000591836  43.8064
0.000583444  43.8064
0.000575172  43.8064
0.000567017  43.8064
0.000558978  43.8064
0.000551052  43.8064
0.000543239  43.8064
0.000535537  43.8064
0.000527944  43.8064
0.000520459  43.8064
0.000513079  43.8064
0.000505805  43.8064
0.000498633  43.8064
0.000491563  43.8064
0.000484594  43.8064
0.000477723  43.8064
0.00047095  43.8064
0.000464272  43.8048
0.00045769  43.8049
0.0004512  43.8049
0.000444803  43.8049
0.000438497  43.8049
0.000432279  43.8048
0.00042615  43.8049
0.000420108  43.8049
0.000414152  43.8049
0.00040828  43.8049
0.000402491  43.8047
0.000396784  43.8047
0.000391159  43.8047
0.000385613  43.8047
0.000380145  43.8047
0.000374755  43.8048
0.000369442  43.8048
0.000364204  43.8047
0.00035904  43.8047
0.000353949  43.8048
0.000348931  43.8047
0.000343984  43.8047
0.000339107  43.8047
0.000334299  43.8047
0.000329559  43.8047
0.000324886  43.8047
0.00032028  43.8052
0.000315739  43.8052
0.000311262  43.8052
0.000306849  43.8052
0.000302498  43.8052
0.000298209  43.8052
0.000293981  43.8052
0.000289813  43.8052
0.000285704  43.8052
0.000281653  43.8052
0.00027766  43.8052
0.000273723  43.8052
0.000269842  43.8052
0.000266016  43.8052
0.000262244  43.8052
0.000258526  43.8052
0.000254861  43.8052
0.000251247  43.8052
0.000247685  43.8052
0.000244173  43.8052
0.000240711  43.8052
0.000237298  43.8052
0.000233934  43.8052
0.000230617  43.8052
0.000227347  43.8052
0.000224124  43.8052
0.000220946  43.8052
0.000217813  43.8052
0.000214725  43.8052
0.000211681  43.8052
0.000208679  43.8052
0.000205721  43.8052
0.000202804  43.8047
0.000199928  43.8047
0.000197094  43.8047
0.000194299  43.8046
0.000191544  43.8046
0.000188829  43.8046
0.000186151  43.8046
0.000183512  43.8046
0.00018091  43.8046
0.000178345  43.8046
0.000175816  43.8046
0.000173324  43.8046
0.000170866  43.8046
0.000168444  43.8046
0.000166055  43.8046
0.000163701  43.8046
0.00016138  43.8046
0.000159092  43.8046
0.000156836  43.8046
0.000154612  43.8046
0.00015242  43.8046
0.000150259  43.8046
0.000148129  43.8046
0.000146029  43.8046
0.000143958  43.8046
0.000141917  43.8046
0.000139905  43.8046
0.000137921  43.8046
0.000135966  43.8046
0.000134038  43.8046
0.000132137  43.8046
0.000130264  43.8046
0.000128417  43.8046
0.000126596  43.8046
0.000124801  43.8046
0.000123032  43.8046
0.000121287  43.8046
0.000119568  43.8046
0.000117873  43.8046
0.000116201  43.8042
0.000114554  43.8042
0.00011293  43.8042
0.000111328  43.8042
0.00010975  43.8042
0.000108194  43.8042
0.00010666  43.8042
0.000105148  43.8042
0.000103657  43.8042
0.000102187  43.8042
0.000100738  43.8042
9.93099e-05  43.8042
9.79019e-05  43.8042
9.65138e-05  43.8042
9.51454e-05  43.8042
9.37964e-05  43.8042
9.24665e-05  43.8042
9.11555e-05  43.8042
8.9863e-05  43.8042
8.85889e-05  43.8042
8.73329e-05  43.8042
8.60946e-05  43.8042
8.48739e-05  43.8042
8.36706e-05  43.8042
8.24842e-05  43.8042
8.13147e-05  43.8042
8.01618e-05  43.8042
7.90253e-05  43.8042
7.79048e-05  43.8042
7.68003e-05  43.8042
7.57114e-05  43.8042
7.46379e-05  43.8033
7.35796e-05  43.8033
7.25364e-05  43.8033
7.1508e-05  43.8033
7.04941e-05  43.8033
6.94946e-05  43.8033
6.85093e-05  43.8033
6.75379e-05  43.8033
6.65803e-05  43.8033
6.56363e-05  43.8033
6.47057e-05  43.8029
6.37883e-05  43.8029
6.28839e-05  43.8029
6.19923e-05  43.8029
6.11133e-05  43.8029
6.02468e-05  43.8029
5.93926e-05  43.8029
5.85505e-05  43.8029
5.77204e-05  43.8029
5.6902e-05  43.8029
5.60952e-05  43.8012
5.52999e-05  43.8012
5.45158e-05  43.8012
5.37429e-05  43.8012
5.29809e-05  43.8012
5.22297e-05  43.8012
5.14892e-05  43.8012
5.07591e-05  43.8012
5.00394e-05  43.8012
4.933e-05  43.8012
4.86305e-05  43.8012
4.7941e-05  43.8011
4.72613e-05  43.8011
4.65912e-05  43.8011
4.59306e-05  43.8011
4.52794e-05  43.8006
4.46374e-05  43.8006
4.40045e-05  43.8006
4.33806e-05  43.8006
4.27656e-05  43.8006
4.21592e-05  43.8006
4.15615e-05  43.8006
4.09722e-05  43.8006
4.03913e-05  43.8006
3.98186e-05  43.8006
3.9254e-05  43.8006
3.86975e-05  43.8006
3.81488e-05  43.8006
3.76079e-05  43.8006
3.70747e-05  43.8006
3.6549e-05  43.8006
3.60308e-05  43.8006
3.552e-05  43.8006
3.50163e-05  43.8006
3.45199e-05  43.8006
3.40304e-05  43.8006
3.35479e-05  43.8006
3.30723e-05  43.8006
3.26034e-05  43.8006
3.21411e-05  43.8006
3.16854e-05  43.8006
3.12361e-05  43.8006
3.07933e-05  43.8006
3.03567e-05  43.8006
2.99263e-05  43.8006
2.9502e-05  43.8006
2.90837e-05  43.8006
2.86713e-05  43.8006
2.82648e-05  43.8006
2.7864e-05  43.8006
2.7469e-05  43.8006
2.70795e-05  43.8006
2.66956e-05  43.8006
2.63171e-05  43.8006
2.59439e-05  43.8006
2.55761e-05  43.8006
2.52135e-05  43.8006
2.4856e-05  43.8006
2.45036e-05  43.8006
2.41561e-05  43.8006
2.38136e-05  43.8006
2.3476e-05  43.8006
2.31431e-05  43.8006
2.2815e-05  43.8006
2.24915e-05  43.8006
2.21726e-05  43.8006
2.18583e-05  43.8006
2.15484e-05  43.8006
2.12428e-05  43.8006
2.09416e-05  43.8006
2.06447e-05  43.8006
2.0352e-05  43.8006
2.00635e-05  43.8006
1.9779e-05  43.8006
1.94986e-05  43.8006
1.92221e-05  43.8006
1.89496e-05  43.8006
1.86809e-05  43.8006
1.8416e-05  43.8006
1.81549e-05  43.8006
1.78975e-05  43.8006
1.76437e-05  43.8006
1.73936e-05  43.8006
1.7147e-05  43.8006
1.69039e-05  43.8006
1.66642e-05  43.8006
1.64279e-05  43.8006
1.6195e-05  43.8002
1.59654e-05  43.8002
1.5739e-05  43.8002
1.55159e-05  43.8003
1.52959e-05  43.8003
1.5079e-05  43.8002
1.48652e-05  43.8002
1.46544e-05  43.8002
1.44467e-05  43.8002
1.42418e-05  43.8003
1.40399e-05  43.8002
1.38408e-05  43.8002
1.36446e-05  43.8003
1.34511e-05  43.8003
1.32604e-05  43.8003
1.30724e-05  43.8003
1.28871e-05  43.8002
1.27043e-05  43.8002
1.25242e-05  43.8002
1.23466e-05  43.8002
1.21716e-05  43.8003
1.1999e-05  43.8002
1.18289e-05  43.8002
1.16612e-05  43.8002
1.14958e-05  43.8003
1.13328e-05  43.8002
1.11722e-05  43.8002
1.10138e-05  43.8002
1.08576e-05  43.8002
1.07037e-05  43.8002
1.05519e-05  43.8003
1.04023e-05  43.8002
1.02548e-05  43.8003
1.01094e-05  43.8002
9.96607e-06  43.8002
9.82477e-06  43.8003
9.68547e-06  43.8002
9.54814e-06  43.8002
9.41277e-06  43.8002
9.27931e-06  43.8002
9.14774e-06  43.8002
9.01804e-06  43.8002
8.89018e-06  43.8003
8.76413e-06  43.8002
8.63987e-06  43.8002
8.51737e-06  43.8002
8.39661e-06  43.8002
8.27756e-06  43.8002
8.16019e-06  43.8002
8.0445e-06  43.8002
7.93044e-06  43.8002
7.818e-06  43.8002
7.70715e-06  43.8002
7.59788e-06  43.8002
7.49015e-06  43.8002
7.38395e-06  43.8002
7.27926e-06  43.8002
7.17605e-06  43.8002
7.07431e-06  43.8002
6.974e-06  43.8002
6.87512e-06  43.8002
6.77765e-06  43.8002
6.68155e-06  43.8002
6.58682e-06  43.8002
6.49343e-06  43.8002
6.40136e-06  43.8003
6.3106e-06  43.8002
6.22112e-06  43.8002
6.13292e-06  43.8002
6.04596e-06  43.8002
5.96024e-06  43.8002
5.87573e-06  43.8002
5.79243e-06  43.8002
5.7103e-06  43.8002
5.62934e-06  43.8002
5.54952e-06  43.8002
5.47084e-06  43.8002
5.39327e-06  43.8002
5.3168e-06  43.8002
5.24142e-06  43.8002
5.1671e-06  43.8002
5.09384e-06  43.8002
5.02162e-06  43.8002
4.95042e-06  43.8002
4.88023e-06  43.8002
4.81104e-06  43.8002
4.74283e-06  43.8002
4.67558e-06  43.8002
4.60929e-06  43.8002
4.54394e-06  43.8002
4.47951e-06  43.8002
4.416e-06  43.8002
4.35339e-06  43.8002
4.29166e-06  43.8002
4.23081e-06  43.8002
4.17083e-06  43.8002
4.11169e-06  43.8002
4.05339e-06  43.8002
3.99592e-06  43.8002
3.93927e-06  43.8002
3.88341e-06  43.8002
3.82835e-06  43.8002
3.77407e-06  43.8002
3.72056e-06  43.8002
3.66781e-06  43.8002
3.61581e-06  43.8002
3.56454e-06  43.8002
3.514e-06  43.8002
3.46418e-06  43.8002
3.41506e-06  43.8002
3.36664e-06  43.8002
3.31891e-06  43.8002
3.27185e-06  43.8002
3.22546e-06  43.8002
3.17973e-06  43.8002
3.13465e-06  43.8002
3.0902e-06  43.8002
3.04639e-06  43.8002
3.0032e-06  43.8002
2.96062e-06  43.8002
2.91864e-06  43.8002
2.87726e-06  43.8002
2.83646e-06  43.8002
2.79625e-06  43.8002
2.7566e-06  43.8002
2.71752e-06  43.8002
2.67899e-06  43.8002
2.641e-06  43.8002
2.60356e-06  43.8002
2.56664e-06  43.8002
2.53025e-06  43.8002
2.49438e-06  43.8002
2.45901e-06  43.8002
2.42415e-06  43.8002
2.38977e-06  43.8002
2.35589e-06  43.8002
2.32249e-06  43.8002
2.28956e-06  43.8002
2.2571e-06  43.8002
2.2251e-06  43.8002
2.19355e-06  43.8002
2.16245e-06  43.8002
2.13179e-06  43.8002
2.10156e-06  43.8002
2.07176e-06  43.8002
2.04239e-06  43.8002
2.01343e-06  43.8002
1.98488e-06  43.8001
1.95674e-06  43.8001
1.929e-06  43.8001
1.90165e-06  43.8001
1.87469e-06  43.8001
1.84811e-06  43.8001
1.8219e-06  43.8001
1.79607e-06  43.8001
1.77061e-06  43.8001
1.7455e-06  43.8001
1.72075e-06  43.8001
1.69636e-06  43.8001
1.6723e-06  43.8001
1.64859e-06  43.8001
1.62522e-06  43.8001
1.60218e-06  43.8001
1.57946e-06  43.8001
1.55707e-06  43.8001
1.53499e-06  43.8001
1.51323e-06  43.8001
1.49177e-06  43.8001
1.47062e-06  43.8001
1.44977e-06  43.8001
1.42921e-06  43.8001
1.40895e-06  43.8001
1.38897e-06  43.8001
1.36928e-06  43.8001
1.34986e-06  43.8001
1.33073e-06  43.8001
1.31186e-06  43.8001
1.29326e-06  43.8001
1.27492e-06  43.8001
1.25685e-06  43.8001
1.23903e-06  43.8001
1.22146e-06  43.8001
1.20414e-06  43.8001
1.18707e-06  43.8001
1.17024e-06  43.8001
1.15364e-06  43.8001
1.13729e-06  43.8001
1.12116e-06  43.8001
1.10527e-06  43.8001
1.0896e-06  43.8001
1.07415e-06  43.8001
1.05892e-06  43.8001
1.0439e-06  43.8001
1.0291e-06  43.8001
1.01451e-06  43.8001
1.00013e-06  43.8001
9.85947e-07  43.8001
9.71968e-07  43.8001
9.58187e-07  43.8001
9.44601e-07  43.8001
9.31208e-07  43.8001
9.18005e-07  43.8001
9.0499e-07  43.8001
8.92158e-07  43.8001
8.79509e-07  43.8001
8.67039e-07  43.8001
8.54746e-07  43.8001
8.42627e-07  43.8001
8.3068e-07  43.8001
8.18902e-07  43.8001
8.07291e-07  43.8001
7.95845e-07  43.8001
7.84561e-07  43.8001
7.73437e-07  43.8001
7.62471e-07  43.8001
7.51661e-07  43.8001
7.41003e-07  43.8001
7.30497e-07  43.8001
7.2014e-07  43.8001
7.09929e-07  43.8001
6.99864e-07  43.8001
6.89941e-07  43.8001
6.80159e-07  43.8001
6.70515e-07  43.8
6.61008e-07  43.8
6.51636e-07  43.8
6.42397e-07  43.8
6.33289e-07  43.8
6.2431e-07  43.8
6.15458e-07  43.8
6.06732e-07  43.8
5.98129e-07  43.8
5.89649e-07  43.8
5.81289e-07  43.8
5.73047e-07  43.8
5.64922e-07  43.8
5.56912e-07  43.8
5.49016e-07  43.8
5.41232e-07  43.8
5.33558e-07  43.8
5.25993e-07  43.8
5.18535e-07  43.8
5.11183e-07  43.8
5.03936e-07  43.8
4.96791e-07  43.8
4.89747e-07  43.8
4.82803e-07  43.8
4.75958e-07  43.8
4.69209e-07  43.8
4.62557e-07  43.8
4.55999e-07  43.8
4.49533e-07  43.8
4.4316e-07  43.8
4.36876e-07  43.8
4.30682e-07  43.8
4.24576e-07  43.8
4.18556e-07  43.8
4.12621e-07  43.8
4.06771e-07  43.8
4.01004e-07  43.8
3.95318e-07  43.8
3.89713e-07  43.8
3.84188e-07  43.8
3.78741e-07  43.8
3.73371e-07  43.8
3.68077e-07  43.8
3.62858e-07  43.8
3.57713e-07  43.8
3.52641e-07  43.8
3.47642e-07  43.8
3.42713e-07  43.8
3.37853e-07  43.8
3.33063e-07  43.8
3.28341e-07  43.8
3.23686e-07  43.8
3.19096e-07  43.8
3.14572e-07  43.8
3.10112e-07  43.8
3.05715e-07  43.8
3.0138e-07  43.8
2.97107e-07  43.8
2.92895e-07  43.8
2.88742e-07  43.8
2.84648e-07  43.8
2.80612e-07  43.8
2.76634e-07  43.8
2.72711e-07  43.8
2.68845e-07  43.8
2.65033e-07  43.8
2.61275e-07  43.8
2.57571e-07  43.8
2.53919e-07  43.8
2.50319e-07  43.8
2.4677e-07  43.8
2.43271e-07  43.8
2.39822e-07  43.8
2.36421e-07  43.8
2.33069e-07  43.8
2.29765e-07  43.8
2.26507e-07  43.8
2.23296e-07  43.8
2.2013e-07  43.8
2.17008e-07  43.8
2.13932e-07  43.8
2.10898e-07  43.8
2.07908e-07  43.8
2.0496e-07  43.8
2.02054e-07  43.8
1.9919e-07  43.8
1.96365e-07  43.8
1.93581e-07  43.8
1.90837e-07  43.8
1.88131e-07  43.8
1.85463e-07  43.8
1.82834e-07  43.8
1.80242e-07  43.8
1.77686e-07  43.8
1.75167e-07  43.8
1.72683e-07  43.8
1.70235e-07  43.8
1.67821e-07  43.8
1.65442e-07  43.8
1.63096e-07  43.8
1.60784e-07  43.8
1.58504e-07  43.8
1.56257e-07  43.8
1.54041e-07  43.8
1.51857e-07  43.8
1.49704e-07  43.8
1.47581e-07  43.8
1.45489e-07  43.8
1.43426e-07  43.8
1.41393e-07  43.8
1.39388e-07  43.8
1.37412e-07  43.8
1.35463e-07  43.8
1.33543e-07  43.8
1.31649e-07  43.8
1.29783e-07  43.8
1.27943e-07  43.8
1.26129e-07  43.8
1.2434e-07  43.8
1.22577e-07  43.8
1.20839e-07  43.8
1.19126e-07  43.8
1.17437e-07  43.8
1.15772e-07  43.8
1.1413e-07  43.8
1.12512e-07  43.8
1.10917e-07  43.8
1.09344e-07  43.8
1.07794e-07  43.8
1.06266e-07  43.8
1.04759e-07  43.8
1.03274e-07  43.8
1.01809e-07  43.8
1.00366e-07  43.8
9.8943e-08  43.8
9.75401e-08  43.8
9.61571e-08  43.8
9.47938e-08  43.8
9.34498e-08  43.8
9.21248e-08  43.8
9.08186e-08  43.8
8.95309e-08  43.8
8.82615e-08  43.8
8.70101e-08  43.8
8.57765e-08  43.8
8.45603e-08  43.8
8.33614e-08  43.8
8.21794e-08  43.8
8.10143e-08  43.8
7.98656e-08  43.8
7.87333e-08  43.8
7.76169e-08  43.8
7.65165e-08  43.8
7.54316e-08  43.8
7.43621e-08  43.8
7.33078e-08  43.8
7.22684e-08  43.8
7.12437e-08  43.8
7.02336e-08  43.8
6.92378e-08  43.8
6.82561e-08  43.8
6.72884e-08  43.8
6.63343e-08  43.8
6.53938e-08  43.8
6.44666e-08  43.8
6.35526e-08  43.8
6.26515e-08  43.8
6.17632e-08  43.8
6.08875e-08  43.8
6.00242e-08  43.8
5.91732e-08  43.8
5.83342e-08  43.8
5.75071e-08  43.8
5.66917e-08  43.8
5.5888e-08  43.8
5.50956e-08  43.8
5.43144e-08  43.8
5.35443e-08  43.8
5.27851e-08  43.8
5.20367e-08  43.8
5.12989e-08  43.8
5.05716e-08  43.8
4.98546e-08  43.8
4.91477e-08  43.8
4.84509e-08  43.7998
4.77639e-08  43.7998
4.70867e-08  43.7998
4.64191e-08  43.7998
4.57609e-08  43.7998
4.51121e-08  43.7998
4.44725e-08  43.7998
4.38419e-08  43.7998
4.32203e-08  43.7998
4.26075e-08  43.7998
4.20034e-08  43.7998
4.14079e-08  43.7998
4.08208e-08  43.7998
4.0242e-08  43.7998
3.96715e-08  43.7998
3.9109e-08  43.7998
3.85545e-08  43.7998
3.80078e-08  43.7998
3.7469e-08  43.7998
3.69377e-08  43.7998
3.6414e-08  43.7998
3.58977e-08  43.7998
3.53887e-08  43.7998
3.4887e-08  43.7998
3.43923e-08  43.7998
3.39047e-08  43.7998
3.3424e-08  43.7998
3.29501e-08  43.7998
3.24829e-08  43.7998
3.20223e-08  43.7998
3.15683e-08  43.7998
3.11207e-08  43.7998
3.06795e-08  43.7998
3.02445e-08  43.7998
2.98157e-08  43.7998
2.93929e-08  43.7998
2.89762e-08  43.7998
2.85654e-08  43.7998
2.81604e-08  43.7998
2.77611e-08  43.7998
2.73675e-08  43.7998
2.69795e-08  43.7998
2.65969e-08  43.7998
2.62198e-08  43.7998
2.58481e-08  43.7998
2.54816e-08  43.7998
2.51203e-08  43.7998
2.47641e-08  43.7998
2.4413e-08  43.7998
2.40669e-08  43.7998
2.37257e-08  43.7998
2.33893e-08  43.7998
2.30576e-08  43.7998
2.27307e-08  43.7998
2.24084e-08  43.7998
2.20907e-08  43.7998
2.17775e-08  43.7998
2.14687e-08  43.7998
2.11643e-08  43.7998
2.08643e-08  43.7998
2.05684e-08  43.7998
2.02768e-08  43.7998
1.99893e-08  43.7998
1.97059e-08  43.7998
1.94265e-08  43.7998
1.91511e-08  43.7998
1.88795e-08  43.7998
1.86119e-08  43.7998
1.8348e-08  43.7998
1.80878e-08  43.7998
1.78314e-08  43.7998
1.75786e-08  43.7998
1.73293e-08  43.7998
1.70836e-08  43.7998
1.68414e-08  43.7998
1.66026e-08  43.7998
1.63672e-08  43.7998
1.61352e-08  43.7998
1.59064e-08  43.7998
1.56809e-08  43.7998
1.54585e-08  43.7998
1.52393e-08  43.7998
1.50233e-08  43.7998
1.48103e-08  43.7998
1.46003e-08  43.7998
1.43933e-08  43.7998
1.41892e-08  43.7998
1.3988e-08  43.7998
1.37897e-08  43.7998
1.35942e-08  43.7998
1.34014e-08  43.7998
1.32114e-08  43.7998
1.30241e-08  43.7998
1.28394e-08  43.7998
1.26574e-08  43.7998
1.24779e-08  43.7998
1.2301e-08  43.7998
1.21266e-08  43.7998
1.19547e-08  43.7998
1.17852e-08  43.7998
1.16181e-08  43.7998
1.14534e-08  43.7998
1.1291e-08  43.7998
1.11309e-08  43.7998
1.09731e-08  43.7998
1.08175e-08  43.7998
1.06641e-08  43.7998
1.05129e-08  43.7998
1.03639e-08  43.7998
1.02169e-08  43.7998
1.00721e-08  43.7998
9.92925e-09  43.7998
9.78847e-09  43.7998
9.64968e-09  43.7998
9.51287e-09  43.7998
9.37799e-09  43.7998
9.24503e-09  43.7998
9.11395e-09  43.7998
8.98472e-09  43.7998
8.85734e-09  43.7998
8.73175e-09  43.7998
8.60795e-09  43.7998
8.4859e-09  43.7998
8.36559e-09  43.7998
8.24698e-09  43.7998
8.13005e-09  43.7998
8.01478e-09  43.7998
7.90114e-09  43.7998
7.78911e-09  43.7998
7.67868e-09  43.7998
7.56981e-09  43.7998
7.46248e-09  43.7998
7.35667e-09  43.7998
7.25237e-09  43.7998
7.14954e-09  43.7998
7.04817e-09  43.7998
6.94824e-09  43.7998
6.84972e-09  43.7998
6.75261e-09  43.7998
6.65686e-09  43.7998
6.56248e-09  43.7998
6.46944e-09  43.7998
6.37771e-09  43.7998
6.28728e-09  43.7998
6.19814e-09  43.7998
6.11026e-09  43.7998
6.02363e-09  43.7998
5.93822e-09  43.7998
5.85403e-09  43.7998
5.77103e-09  43.7998
5.6892e-09  43.7998
5.60854e-09  43.7998
5.52902e-09  43.7998
5.45063e-09  43.7998
5.37334e-09  43.7998
5.29716e-09  43.7998
5.22205e-09  43.7998
5.14801e-09  43.7998
5.07502e-09  43.7998
5.00307e-09  43.7998
4.93213e-09  43.7998
4.8622e-09  43.7998
4.79326e-09  43.7998
4.7253e-09  43.7998
4.65831e-09  43.7998
4.59226e-09  43.7998
4.52715e-09  43.7998
4.46296e-09  43.7998
4.39968e-09  43.7998
4.3373e-09  43.7998
4.27581e-09  43.7998
4.21518e-09  43.7998
4.15542e-09  43.7998
4.0965e-09  43.7998
4.03842e-09  43.7998
3.98116e-09  43.7998
3.92471e-09  43.7998
3.86907e-09  43.7998
3.81421e-09  43.7998
3.76013e-09  43.7998
3.70682e-09  43.7998
3.65426e-09  43.7998
3.60245e-09  43.7998
3.55137e-09  43.7998
3.50102e-09  43.7998
3.45138e-09  43.7998
3.40245e-09  43.7998
3.3542e-09  43.7998
3.30665e-09  43.7998
3.25976e-09  43.7998
3.21355e-09  43.7998
3.16798e-09  43.7998
3.12307e-09  43.7998
3.07879e-09  43.7998
3.03513e-09  43.7998
2.9921e-09  43.7998
2.94968e-09  43.7998
2.90786e-09  43.7998
2.86663e-09  43.7998
2.82598e-09  43.7998
2.78592e-09  43.7998
2.74642e-09  43.7998
2.70748e-09  43.7998
2.66909e-09  43.7998
2.63124e-09  43.7998
2.59394e-09  43.7998
2.55716e-09  43.7998
2.5209e-09  43.7998
2.48516e-09  43.7998
2.44993e-09  43.7998
2.41519e-09  43.7998
2.38095e-09  43.7998
2.34719e-09  43.7998
2.31391e-09  43.7998
2.2811e-09  43.7998
2.24876e-09  43.7998
2.21688e-09  43.7998
2.18544e-09  43.7998
2.15446e-09  43.7998
2.12391e-09  43.7998
2.0938e-09  43.7998
2.06411e-09  43.7998
2.03484e-09  43.7998
2.00599e-09  43.7998
1.97755e-09  43.7998
1.94951e-09  43.7998
1.92187e-09  43.7998
1.89462e-09  43.7998
1.86776e-09  43.7998
1.84128e-09  43.7998
1.81517e-09  43.7998
1.78944e-09  43.7998
1.76406e-09  43.7998
1.73905e-09  43.7998
1.7144e-09  43.7998
1.69009e-09  43.7998
1.66613e-09  43.7998
1.6425e-09  43.7998
1.61922e-09  43.7998
1.59626e-09  43.7998
1.57363e-09  43.7998
1.55131e-09  43.7998
1.52932e-09  43.7998
1.50764e-09  43.7998
1.48626e-09  43.7998
1.46519e-09  43.7998
1.44441e-09  43.7998
1.42393e-09  43.7998
1.40374e-09  43.7998
1.38384e-09  43.7998
1.36422e-09  43.7998
1.34488e-09  43.7998
1.32581e-09  43.7998
1.30701e-09  43.7998
1.28848e-09  43.7998
1.27021e-09  43.7998
1.2522e-09  43.7998
1.23445e-09  43.7998
1.21695e-09  43.7998
1.19969e-09  43.7998
1.18268e-09  43.7998
1.16591e-09  43.7998
1.14938e-09  43.7998
1.13309e-09  43.7998
1.11702e-09  43.7998
1.10118e-09  43.7998
1.08557e-09  43.7998
1.07018e-09  43.7998
1.05501e-09  43.7998
1.04005e-09  43.7998
1.0253e-09  43.7998
1.01076e-09  43.7998
9.96432e-10  43.7998
9.82305e-10  43.7998
9.68377e-10  43.7998
9.54647e-10  43.7998
9.41112e-10  43.7998
9.27768e-10  43.7998
9.14614e-10  43.7998
9.01646e-10  43.7998
8.88862e-10  43.7998
8.7626e-10  43.7998
8.63836e-10  43.7998
8.51588e-10  43.7998
8.39514e-10  43.7998
8.27611e-10  43.7998
8.15877e-10  43.7998
8.04309e-10  43.7998
7.92905e-10  43.7998
7.81663e-10  43.7998
7.7058e-10  43.7998
7.59655e-10  43.7998
7.48884e-10  43.7998
7.38266e-10  43.7998
7.27799e-10  43.7998
7.1748e-10  43.7998
7.07307e-10  43.7998
6.97278e-10  43.7998
6.87392e-10  43.7998
6.77646e-10  43.7998
6.68038e-10  43.7998
6.58566e-10  43.7998
6.49229e-10  43.7998
6.40024e-10  43.7998
6.30949e-10  43.7998
6.22004e-10  43.7998
6.13185e-10  43.7998
6.04491e-10  43.7998
5.9592e-10  43.7998
5.87471e-10  43.7998
5.79141e-10  43.7998
5.7093e-10  43.7998
5.62835e-10  43.7998
5.54855e-10  43.7998
5.46988e-10  43.7998
5.39233e-10  43.7998
5.31587e-10  43.7998
5.2405e-10  43.7998
5.1662e-10  43.7998
5.09295e-10  43.7998
5.02074e-10  43.7998
4.94956e-10  43.7998
4.87938e-10  43.7998
4.8102e-10  43.7998
4.742e-10  43.7998
4.67476e-10  43.7998
4.60848e-10  43.7998
4.54314e-10  43.7998
4.47873e-10  43.7998
4.41523e-10  43.7998
4.35262e-10  43.7998
4.29091e-10  43.7998
4.23007e-10  43.7998
4.1701e-10  43.7998
4.11097e-10  43.7998
4.05269e-10  43.7998
3.99522e-10  43.7998
3.93858e-10  43.7998
3.88274e-10  43.7998
3.82768e-10  43.7998
3.77341e-10  43.7998
3.71991e-10  43.7998
3.66717e-10  43.7998
3.61518e-10  43.7998
3.56392e-10  43.7998
3.51339e-10  43.7998
3.46357e-10  43.7998
3.41447e-10  43.7998
3.36605e-10  43.7998
3.31833e-10  43.7998
3.27128e-10  43.7998
3.2249e-10  43.7998
3.17918e-10  43.7998
3.1341e-10  43.7998
3.08966e-10  43.7998
3.04586e-10  43.7998
3.00267e-10  43.7998
2.9601e-10  43.7998
2.91813e-10  43.7998
2.87675e-10  43.7998
2.83597e-10  43.7998
2.79576e-10  43.7998
2.75612e-10  43.7998
2.71704e-10  43.7998
2.67852e-10  43.7998
2.64054e-10  43.7998
2.6031e-10  43.7998
2.56619e-10  43.7998
2.52981e-10  43.7998
2.49394e-10  43.7998
2.45858e-10  43.7998
2.42372e-10  43.7998
2.38936e-10  43.7998
2.35548e-10  43.7998
2.32208e-10  43.7998
2.28916e-10  43.7998
2.2567e-10  43.7998
2.22471e-10  43.7998
2.19316e-10  43.7998
2.16207e-10  43.7998
2.13141e-10  43.7998
2.10119e-10  43.7998
2.0714e-10  43.7998
2.04203e-10  43.7998
2.01308e-10  43.7998
1.98454e-10  43.7998
1.9564e-10  43.7998
1.92866e-10  43.7998
1.90132e-10  43.7998
1.87436e-10  43.7998
1.84778e-10  43.7998
1.82158e-10  43.7998
1.79576e-10  43.7998
1.7703e-10  43.7998
1.7452e-10  43.7998
1.72045e-10  43.7998
1.69606e-10  43.7998
1.67201e-10  43.7998
1.64831e-10  43.7998
1.62493e-10  43.7998
1.6019e-10  43.7998
1.57918e-10  43.7998
1.55679e-10  43.7998
1.53472e-10  43.7998
1.51296e-10  43.7998
1.49151e-10  43.7998
1.47036e-10  43.7998
1.44951e-10  43.7998
1.42896e-10  43.7998
1.4087e-10  43.7998
1.38873e-10  43.7998
1.36904e-10  43.7998
1.34963e-10  43.7998
1.33049e-10  43.7998
1.31163e-10  43.7998
1.29303e-10  43.7998
1.2747e-10  43.7998
1.25663e-10  43.7998
1.23881e-10  43.7998
1.22124e-10  43.7998
1.20393e-10  43.7998
1.18686e-10  43.7998
1.17003e-10  43.7998
1.15344e-10  43.7998
1.13709e-10  43.7998
1.12097e-10  43.7998
1.10507e-10  43.7998
1.0894e-10  43.7998
1.07396e-10  43.7998
1.05873e-10  43.7998
1.04372e-10  43.7998
1.02892e-10  43.7998
1.01433e-10  43.7998
9.99952e-11  43.7998
